20.125126 25466.291016
39.330421 31064.150391
78.500931 30048.189453
55.029144 33942.351563
102.284004 36427.472656
37.410812 31625.234375
91.050140 31808.039063
50.399487 20264.718750
29.140293 23380.808594
34.731285 20961.607422
118.852501 33570.632813
31.908321 18260.871094
20.891140 22757.316406
73.166290 30884.394531
80.176392 32125.125000
36.623432 28608.021484
65.078888 26789.726563
25.703909 26685.660156
98.331856 36872.281250
71.988281 26728.080078
107.597275 36659.871094
115.590073 40444.777344
73.935364 24528.609375
66.208076 25150.730469
106.223946 28766.412109
97.965637 37451.367188
119.679550 41963.375000
81.149933 29001.554688
46.621300 24121.339844
104.014404 25757.589844
57.586597 22148.015625
87.720573 24615.283203
20.878933 30869.746094
47.588734 23852.320313
78.790855 33246.832031
103.761101 36273.507813
68.493912 24929.777344
94.373611 31464.248047
65.796074 35816.949219
94.443802 26068.574219
79.904785 28769.003906
93.500778 33484.574219
77.240517 28144.136719
35.155491 21892.117188
62.515335 33294.750000
71.710564 37020.906250
95.154884 29698.904297
36.898098 28549.425781
69.189735 22872.066406
89.975891 31569.687500
34.749596 32718.710938
34.157536 31992.523438
89.289223 28474.654297
62.655720 22321.207031
116.661278 36913.937500
35.323345 31691.150391
102.168037 33947.539063
39.135105 21581.896484
101.719414 32300.914063
35.555283 26114.351563
93.201698 30404.035156
47.958008 28326.945313
88.224129 35160.191406
92.191536 31348.582031
32.302010 23747.337891
103.468124 25873.257813
71.701408 32114.902344
62.622150 22832.392578
114.933929 40314.156250
74.954681 27685.292969
67.172455 27341.960938
104.698021 30222.906250
65.609909 25639.332031
118.297066 31296.701172
93.918877 32901.058594
39.598984 30379.619141
103.944214 31359.265625
70.090027 35361.460938
22.746666 32194.095703
77.258827 23483.503906
73.132721 25224.279297
104.304337 34831.812500
85.761284 26543.902344
104.215828 27271.464844
30.992767 29246.162109
51.406601 34256.691406
48.608051 24905.513672
34.026306 29398.908203
103.462021 35966.183594
80.023804 34210.609375
45.272377 21694.357422
20.161749 17931.273438
100.623802 37851.769531
41.057770 20839.839844
75.320900 22745.873047
31.377300 24955.412109
95.222023 34814.417969
74.344307 23542.710938
63.671986 24396.314453
89.621872 28317.482422
