0.223533,0.551668
0.383389,0.692022
0.143056,-0.183615
0.090686,-0.321589
0.303186,-0.094256
-0.755654,0.559908
0.809214,0.403714
-0.697882,-0.067156
0.447935,1.025468
-0.608615,1.096515
0.778359,0.224540
-0.739448,-0.021470
-0.650822,0.995529
0.196524,0.347133
0.785134,-0.210074
0.372585,-0.285241
-0.248436,-0.382107
-0.745766,1.095691
-0.903424,1.085070
0.944899,0.991958
0.165029,-0.379086
-0.524842,0.454436
0.566774,-0.132801
-0.704199,-0.124104
-0.215110,-0.647435
0.503693,0.901044
0.157155,0.591586
0.056078,1.064928
-0.386776,-0.041704
0.626469,-0.127125
-0.605136,0.365261
0.810587,0.073016
-0.348964,-0.315912
-0.807657,0.619327
-0.903241,0.295953
-0.269585,0.222526
0.674810,-0.379360
0.670965,0.281396
0.340266,0.626377
-0.667028,0.527863
0.561007,1.109058
0.521180,0.620243
1.036637,0.667211
-0.117512,-0.509735
0.058733,-0.758217
-0.436399,-0.329554
-0.636723,0.112659
-0.201743,0.097003
0.877789,0.328730
-0.773232,0.974197
-0.364803,0.604678
-0.864696,0.707312
0.008469,0.006638
0.590945,-0.504791
0.193777,0.983627
-0.187735,-0.697699
0.315088,-0.369472
-0.546907,-0.208243
0.515320,0.150472
0.256218,0.120533
-0.256676,0.211173
0.608249,1.156117
0.903241,0.019547
0.345668,0.556429
0.501495,0.532075
0.548647,-0.442534
-0.223350,0.256401
-1.082690,0.471191
-0.585910,0.807566
0.554964,-0.030168
0.761330,0.895917
-0.686529,-0.115131
-0.889966,0.210440
-0.999557,0.262444
-0.604129,-0.135365
1.097430,0.490143
0.513764,-0.087756
-0.200735,0.543245
0.951125,0.256218
0.070177,-0.828623
-0.454344,-0.032640
-0.167043,1.050554
0.598636,0.160817
-0.072741,0.550844
-0.434019,-0.601749
0.961470,0.499390
0.882092,0.018540
-0.566042,1.178091
-0.921094,0.165304
-0.161550,0.723609
-0.548006,1.158498
0.733589,0.315729
-0.686071,0.939497
0.357295,-0.665563
0.553682,-0.259423
0.254204,1.166738
-0.459197,1.170217
-0.471831,0.388699
0.213462,-0.275811
-0.873669,-0.050768
-0.605319,-0.191671
-0.660710,-0.134907
-0.612735,-0.134999
-0.828257,0.044176
-0.487762,0.961928
-0.497192,-0.433744
-0.357936,0.560915
0.876324,1.031785
0.810129,0.592685
0.661992,-0.352901
0.573183,0.897198
-0.187277,0.934645
0.113392,-0.798227
0.413511,0.914502
-1.065203,0.182150
0.177114,0.646245
0.383663,0.718482
-0.370388,-0.022111
0.702002,0.680303
0.421110,0.289544
0.306299,0.455351
-0.372860,0.742378
0.423307,1.025559
0.518067,0.619968
0.126209,0.085192
-0.359676,-0.070360
-0.054155,-0.500946
0.143788,-0.320215
-0.753548,0.393918
0.201743,0.578402
-0.775613,0.318201
0.361690,-0.504700
0.075396,0.633885
-0.433561,1.187429
-0.539766,1.031419
0.606143,1.072710
0.629948,1.160146
-0.975387,0.592502
-0.646245,0.554598
0.497650,1.082781
-0.608524,-0.184256
-0.587374,1.077471
1.028581,0.515503
-1.065203,0.203299
-0.833567,1.078845
0.743660,1.086810
0.597171,-0.200003
-0.202841,-0.696509
0.017899,-0.477691
-0.478698,1.121143
1.112903,0.571444
-0.528962,0.061113
-0.632237,-0.278283
-0.888409,0.050768
0.364711,0.732673
-0.028611,1.022904
-0.763619,0.426237
0.239647,0.225364
0.104694,0.903699
0.264183,0.660436
1.030595,0.686438
0.045000,-0.267754
0.483093,0.017808
-0.406461,0.526765
-0.608249,0.099292
0.696692,0.873669
-0.985000,0.318751
-0.769204,0.310602
-0.133900,1.056871
0.442808,1.065752
-0.285424,0.238731
0.751717,-0.123188
0.170248,0.536470
0.563478,0.459380
0.896466,-0.023118
1.093860,0.278375
0.228568,-0.707221
-0.423307,1.131947
-0.450407,0.383206
0.164480,-0.380917
-0.122456,-0.540956
0.470092,1.081225
0.428434,-0.401975
0.221427,-0.306116
-0.467895,-0.100665
0.564119,0.078692
0.338343,0.972365
0.660253,-0.374142
-0.265282,0.063219
-0.404263,-0.504791
-0.348140,0.078051
-0.578677,1.202353
0.292291,0.931440
0.164022,0.884198
-0.633152,0.798318
0.541414,0.785226
0.253746,0.564852
-0.274255,0.048570
-0.695318,-0.048479
-0.443175,0.121906
0.647893,0.403806
0.142048,-0.249260
-0.565126,1.224967
0.928053,0.232414
0.679022,0.959914
0.655675,0.249809
-0.667943,0.373501
0.163381,-0.532167
0.428434,-0.612003
0.947279,0.182516
0.514130,0.740272
0.489044,0.106250
-0.461760,-0.518250
0.161824,0.403073
0.896649,0.080706
0.299249,1.114460
-0.984634,0.168966
0.017991,0.260704
-0.168600,0.914319
-0.648259,1.173513
0.043077,-0.167135
-0.441069,0.720038
0.861400,0.422575
0.560640,-0.427244
0.303735,0.317377
0.016251,0.485839
0.776437,1.016037
0.112751,0.989944
0.515320,0.992416
-0.670324,0.727271
0.660161,0.923017
0.135548,0.436399
-0.036027,-0.165029
-0.700354,0.616306
-0.000504,-0.613285
0.796854,-0.199087
0.736518,0.632969
-0.649998,0.059191
0.880902,0.960097
-0.189108,0.721778
0.515503,0.473022
-0.002243,-0.873302
-0.475402,0.316828
0.895642,-0.156697
-0.368740,0.768929
-0.257042,-0.418088
0.952864,0.052690
-0.400235,-0.250359
0.327265,0.396756
0.443999,-0.143788
-1.136799,0.607883
0.468078,0.469085
0.363338,0.529969
0.308954,1.148518
-0.717017,0.117878
0.180868,0.815622
0.045549,-0.913862
0.873394,-0.015427
0.383663,0.345851
0.853435,0.275536
0.925306,0.675909
-0.515687,-0.187918
0.062487,1.036729
-0.810678,1.017777
0.636906,0.076220
0.849590,1.089557
-0.004257,0.044816
0.418546,0.539674
-0.113849,-0.716193
0.465423,-0.378079
0.248344,1.133595
-0.253655,0.303461
0.840892,0.865612
0.467528,-0.103504
-0.070086,-0.887402
0.363613,0.927870
-0.420377,0.890423
-0.756203,0.504700
0.020096,0.010117
-0.045366,-0.624729
0.606876,0.029893
-0.483551,0.574831
-0.056993,0.591769
0.286157,0.386502
0.046098,0.454802
-0.898297,0.289087
-0.964217,0.526032
0.072283,-0.678472
-0.336787,0.160451
0.583804,-0.338618
-0.803354,0.872936
-0.768014,0.287072
-0.978957,0.196432
-0.230399,0.317469
0.787698,0.121174
0.180410,0.237815
-0.382748,0.555055
-0.179952,-0.631687
0.019456,0.732582
0.116138,0.186819
0.074297,-0.414792
-0.977859,0.220695
0.194052,-0.752998
-0.616581,0.584445
-0.369289,0.169332
0.248894,-0.442534
-0.375790,-0.520081
0.181967,1.014481
0.374508,-0.274071
0.285516,0.584353
0.052965,0.881176
1.007706,0.543519
-0.697058,-0.336695
0.589114,0.167043
-0.249901,0.063311
0.789895,0.330561
-0.638462,-0.423490
0.784219,-0.208151
-0.132344,-0.049486
0.120991,-0.780190
-0.003983,-0.765084
-0.149739,-0.588107
-0.322230,-0.212455
-0.815897,0.189566
-0.233421,-0.768746
0.239921,0.299249
-0.573275,-0.430540
0.433744,-0.354366
0.236534,1.128834
-0.075579,-0.781747
0.499939,0.048204
-0.915052,-0.000504
-0.298242,-0.385220
-0.341639,-0.408841
-0.143696,0.340175
0.590121,-0.119343
0.439604,0.733497
0.653203,0.849773
-0.562014,0.940596
-0.675542,0.356838
-0.486480,0.383938
1.060167,0.492981
-0.950301,0.485748
-0.405637,0.615574
-0.536927,-0.445555
-0.592044,0.299799
-0.098560,-0.820658
0.370388,0.830821
0.314631,0.350154
1.075091,0.398312
0.633335,-0.165120
0.354640,0.526948
-1.086901,0.521455
0.204123,0.832926
0.816538,0.052507
0.892254,0.906903
0.232688,-0.267846
0.539949,0.987838
0.643956,-0.301172
-0.098651,-0.258324
-0.042253,0.010758
0.017716,0.089312
-0.673894,-0.425871
-0.484283,0.451231
0.413602,-0.427885
0.145894,0.943434
-0.784494,1.050188
-0.842082,-0.195425
0.039598,0.056444
0.527863,0.525391
1.007614,0.895001
-0.544252,0.928968
1.068865,0.393551
0.418729,1.146596
0.760964,0.053423
-0.669317,-0.370754
-0.844279,0.308222
0.631870,0.787057
-0.713355,0.510193
-0.562105,0.676275
0.322962,-0.588931
-0.493439,-0.101306
-0.629582,1.115558
0.355831,0.280755
0.008377,0.982253
0.402341,0.745308
-0.254204,0.702826
-0.692206,-0.251549
0.456725,-0.230491
-0.389523,-0.439970
-0.550386,-0.249901
-0.111103,1.008621
0.578310,0.721870
0.510193,0.290460
-0.349055,-0.041612
0.350246,-0.470000
-0.522095,0.235435
0.741646,0.465514
0.330287,-0.165304
-0.287255,0.099292
-0.416532,0.884198
0.437407,-0.044084
0.647526,0.953230
0.029893,0.912854
-0.586917,0.852886
0.090503,0.406552
0.745125,1.174886
0.528138,0.988845
-0.968978,0.264458
0.443907,-0.573092
-1.068133,0.500855
0.992965,0.371578
-0.511200,0.875225
1.123249,0.462951
-0.222800,0.580233
0.964125,0.388974
0.429441,0.189199
-0.456908,0.007370
-0.241935,0.162923
1.043229,0.684332
0.280938,-0.467528
-0.533357,0.238731
0.135823,0.106433
0.515595,0.648625
-0.265557,0.358669
-0.668859,-0.093890
0.535646,0.347133
0.545167,0.659520
0.873486,1.014481
0.230125,0.777902
-0.197623,0.964583
0.554598,0.704016
0.594699,0.531159
-0.214560,0.934187
0.060198,0.136189
0.892895,1.063646
-0.473296,-0.351253
0.612094,0.391354
0.459471,0.694037
-0.458190,-0.620518
0.116138,0.477966
-0.617313,-0.257683
-0.513855,0.650548
0.877972,-0.192221
-0.415159,0.082720
-0.084735,0.482727
-0.045640,0.558901
-0.375790,-0.086840
0.304102,0.155232
-0.134449,0.152303
0.736610,-0.234245
-0.206229,-0.304376
-0.491882,1.104114
0.487396,-0.515503
-0.601657,-0.313440
0.704382,-0.251549
0.318751,-0.694769
-0.661992,0.509552
-0.054247,1.003677
-0.281762,0.272240
-0.121082,0.824686
1.076739,0.256127
-0.407010,1.106311
1.050554,0.703284
0.313532,0.227287
0.576754,0.485107
-0.277001,0.225822
0.809305,0.352992
-0.347499,1.146229
-0.563204,0.906720
-0.828257,0.094989
0.742286,1.140278
0.618320,0.008377
0.336512,0.990677
-0.314081,-0.607059
0.095172,-0.585910
-1.004868,0.693854
-0.614200,0.908368
-0.240379,-0.378536
0.800424,-0.089953
0.945814,1.054399
-0.090960,-0.143056
0.310511,-0.074755
-0.608982,0.076403
0.208975,-0.174276
0.829081,0.069536
-0.213095,-0.698248
1.093585,0.399960
-0.272423,0.590304
0.209250,0.935011
0.221427,0.110187
0.103046,0.487671
0.469909,0.224631
0.040880,-0.021653
0.237175,-0.455077
-0.270318,0.061571
-0.144612,-0.434935
0.168142,0.310511
-0.140584,-0.257775
-0.785134,0.146443
1.090655,0.827433
-1.088092,0.260063
0.472930,-0.499481
0.605319,0.670049
1.013199,0.848491
-0.091418,-0.881451
-0.867901,0.587832
0.280663,0.531709
-0.747871,1.156758
0.088580,-0.220878
0.144246,0.969161
-0.063860,0.399869
1.012009,0.882366
0.081713,-0.831004
0.966506,0.402524
0.199362,-0.356746
0.931806,0.360866
-0.697790,-0.374691
0.690100,0.419279
0.471740,0.756203
0.661351,0.436033
-0.381375,0.203207
-0.224174,-0.551851
0.185904,0.837962
-0.821848,0.155507
-0.569063,-0.039872
0.258141,0.776437
0.536012,0.183889
-0.213095,-0.118244
-0.265374,-0.514588
-0.866344,0.225364
0.990677,0.656133
0.622166,0.337245
-0.649174,0.337886
0.280663,-0.719489
0.656407,1.055773
-0.474944,-0.552217
0.120533,0.882275
-0.207236,-0.546815
-0.413419,1.157857
-0.571078,0.085284
-0.576571,-0.293939
0.694952,-0.332942
0.103412,0.968978
0.314814,0.614566
-0.290094,0.920637
0.969069,0.866802
-0.461669,0.512574
0.881634,0.398312
0.168416,-0.672796
0.653203,1.139546
0.173177,0.438871
0.351161,-0.228111
-0.278466,0.265465
-0.424039,0.568514
0.067431,0.895367
-0.325892,0.340175
0.466155,0.821482
0.679479,0.220237
1.005142,0.527223
0.700446,-0.275903
0.236259,0.810495
0.676824,1.049272
-0.699072,1.088092
-0.346492,1.016678
0.768838,0.737617
1.064196,0.151662
-1.110981,0.572268
0.114490,-0.462584
-0.272423,-0.750618
-0.054155,-0.803537
-0.373684,-0.100940
0.560915,0.980422
-0.048112,0.990036
-0.626377,0.573183
-0.260430,-0.551393
0.681585,0.184164
-1.033433,0.092608
-0.002243,0.820017
0.078692,0.611637
1.131764,0.578127
0.843638,0.189199
-0.618961,0.777169
-0.081622,-0.395566
-0.072008,0.933363
-0.886120,0.316004
0.271233,0.354183
0.105701,-0.839427
-0.483642,-0.436583
-1.034165,0.626011
-0.608341,0.896008
0.856548,0.121357
-0.217856,0.963301
-0.561464,0.102588
0.348872,0.055254
0.125202,-0.636265
0.037584,0.686071
0.709052,0.481628
-0.859111,0.745857
-0.946455,-0.061846
0.818278,0.676366
-0.988296,0.940962
0.207694,-0.560732
0.330378,-0.041246
-0.794382,0.670690
-0.292474,-0.628483
-0.656316,0.172079
1.040483,0.109546
0.174825,-0.224815
0.237632,-0.455077
0.206137,0.414975
0.090960,-0.465697
-0.439055,0.353816
-0.333674,-0.126759
-0.519623,0.807291
-0.218680,-0.399136
-0.502228,1.111896
0.109088,-0.041246
0.339900,0.995529
-0.769387,1.129841
0.134358,0.152211
0.541139,0.510926
0.037126,0.660527
0.146626,-0.548647
-0.625828,1.012558
0.646153,1.219840
-0.092425,-0.812967
0.232414,0.753822
-0.631046,0.476318
-0.294580,0.228568
0.094989,-0.520631
0.570803,-0.245140
0.692572,0.742103
-0.629124,1.072253
-0.008377,-0.488861
0.494079,-0.211997
-0.894086,-0.169332
-0.012955,-0.066424
-0.848582,0.181234
-0.025773,-0.348140
0.525758,0.206412
0.201468,0.646245
0.281762,0.977859
0.044725,0.988388
0.394742,0.952681
-0.018174,-0.814890
1.005692,0.842631
-0.085101,0.290918
0.185171,0.880627
0.033464,-0.488403
-0.871654,0.223258
0.155599,0.508454
0.116230,0.360958
-0.892621,0.551576
-0.566500,0.432554
0.874950,0.760323
0.250908,0.561281
-0.760872,0.860942
-0.284417,0.498657
-0.739357,-0.250633
0.361049,1.097430
-0.419462,-0.604678
-0.629215,-0.287164
-0.107715,0.867901
0.158528,0.583987
-0.376888,0.743477
0.042436,0.800882
-0.600742,0.767830
0.353633,0.956893
0.702002,0.173177
0.164754,-0.389889
-0.410581,0.174368
-0.056993,0.290094
-0.108264,-0.679022
-0.616855,0.968429
-0.591311,1.230552
0.644230,0.344020
-0.342280,1.136433
0.313532,0.253471
0.396573,0.099475
0.391354,0.885571
1.003769,0.890515
-1.124073,0.373592
0.845012,0.057726
0.478423,0.719947
0.944533,0.544801
-0.942976,0.675176
-0.271325,-0.393185
-0.574099,0.395199
0.936567,0.298151
0.898938,0.005448
-0.165029,0.062487
0.437956,1.227714
0.338801,-0.622440
0.206229,-0.797494
1.041032,0.462951
0.200644,-0.359584
-0.666295,0.688543
-0.233695,0.533082
0.274255,0.849406
-0.285150,0.601749
-1.101093,0.763161
0.371853,0.078600
0.677374,0.055437
0.588198,0.235160
0.768654,0.882458
0.941145,0.969344
-0.066881,-0.579867
-0.247978,1.092761
0.529237,-0.506714
0.377438,0.311518
-0.826151,0.234336
0.686621,0.199271
-0.442076,-0.054430
-0.565584,-0.103870
0.576205,0.290735
0.533540,1.193014
0.137196,-0.576113
-0.298517,0.330195
-0.459929,0.230033
-0.303644,1.088366
0.078967,0.473754
-0.719214,-0.051225
0.678106,-0.422758
0.580782,-0.213828
0.110004,-0.319025
-0.518891,0.713721
0.966964,0.824046
-0.271783,1.038011
-0.739540,0.368831
0.509552,0.764077
0.337519,0.974197
0.043168,0.260338
0.782205,0.858287
0.412137,0.407468
0.591769,0.987747
0.304193,0.156056
-0.441343,-0.090686
-0.544160,0.261071
0.497009,0.391446
0.645054,-0.055895
0.232505,-0.598727
-1.122059,0.408383
0.369106,0.346950
0.785134,0.000504
-0.058367,-0.712348
-0.503510,0.835765
-0.099933,-0.567873
0.402158,0.669317
0.686895,0.291101
0.666021,0.002060
-0.277276,0.660253
0.318659,0.065783
0.465514,0.774972
0.249168,-0.573824
0.832469,0.673620
0.700262,-0.399594
0.339167,0.231132
0.451781,0.936842
1.031419,0.626560
1.001663,0.364895
-0.750618,0.093982
0.813791,0.804453
0.359493,0.413236
-0.465972,1.217093
0.040605,0.903241
0.545351,1.192557
0.657689,1.165822
-0.115406,-0.794198
0.687078,-0.223533
-0.194235,0.634251
-0.334956,1.045335
0.751991,0.453429
-0.706305,0.212638
-0.184988,-0.604404
-0.405454,0.363796
0.371944,0.266930
0.052873,-0.326533
-0.651189,0.175008
-0.014237,-0.916974
-0.674902,-0.169057
-0.571535,0.330012
-0.075213,0.598636
0.634617,0.557711
0.539491,1.225059
0.461394,0.640385
0.315180,-0.183889
0.755470,1.056597
0.595248,-0.128132
-0.212912,0.705023
0.764168,0.238365
-0.690374,1.002487
-0.664190,-0.047929
-0.865978,0.725532
0.471282,0.446287
-0.301813,0.236808
0.699072,0.986831
-0.495453,0.340358
-0.764626,-0.323878
0.265282,-0.599002
-1.127277,0.555788
-0.092242,0.052232
1.007889,0.411588
-0.870647,0.285333
0.400876,-0.402524
-0.795389,0.582705
-0.098743,-0.841441
-0.841350,0.706122
0.094623,0.417173
-0.250084,-0.655126
0.917615,0.580325
-0.559267,0.884106
-0.611362,1.009629
0.441801,-0.329096
1.004227,0.461303
-0.400327,1.063646
0.618137,0.899854
0.658330,0.490600
-0.585269,0.645695
0.644688,0.967605
-0.645512,0.681860
1.069781,0.792642
0.795846,0.397305
-1.031236,0.541231
0.019730,-0.178762
-0.660070,1.037553
0.507630,-0.360225
0.259514,-0.086840
0.987747,0.849315
0.148183,0.991409
1.095325,0.774239
0.591952,0.595340
0.655492,0.444823
0.292566,0.672338
0.296045,0.440062
1.001846,0.511383
-0.631046,0.223258
-0.879986,0.328822
-0.196341,0.762703
-0.791818,0.236351
-0.440245,0.358760
0.176290,0.013962
0.635990,1.220206
-0.592044,-0.386227
-0.582522,1.055773
-0.446013,-0.363155
-0.294946,-0.097644
0.138569,-0.443083
0.662908,0.217673
0.867534,0.522462
-0.727546,0.698431
-0.333399,0.188009
0.801798,-0.304926
-0.940687,0.451781
0.466247,-0.593692
0.309961,-0.582797
0.778542,-0.241111
-0.268029,0.105335
-0.353633,0.977859
0.035936,0.182974
-0.495087,-0.222526
-0.955428,0.372494
-0.648167,-0.025407
-0.425687,0.418363
0.314905,-0.234336
-0.556612,1.008347
-0.423399,0.654210
0.951674,0.464415
-0.356471,-0.180960
0.648625,0.165944
-0.312433,0.615390
-0.346950,0.522370
0.289544,-0.250542
0.530335,-0.426511
0.183889,0.942152
0.275262,1.103015
0.307215,-0.029527
0.699530,0.237632
0.237632,-0.466521
-0.304834,0.156880
-0.112751,-0.738533
0.127216,0.241020
0.237815,-0.680670
0.494263,0.215018
-0.647618,1.080493
-0.143330,1.002853
-0.427793,1.044237
-0.023209,0.966323
0.638554,1.192190
-0.568972,1.148244
-0.536012,-0.357936
-0.705298,-0.114216
0.635533,0.806558
0.566774,0.364620
-0.461028,-0.597262
0.480438,0.509278
0.303461,-0.052507
0.430357,0.753365
-0.680395,0.539491
-0.261162,0.784951
-0.040330,-0.893170
0.073840,-0.458464
-0.678564,0.890149
-0.413694,0.409207
-1.125538,0.655034
0.918806,0.835948
0.500488,1.100543
-0.281030,0.505341
0.011399,-0.757851
-0.229759,0.622623
-0.968337,0.578860
-0.102588,0.775246
0.188284,0.902600
0.637730,0.208792
-0.565950,-0.361599
0.091876,-0.336787
0.166677,1.031419
0.153951,-0.144704
-0.460295,0.293207
-0.139943,-0.190023
0.402524,0.039232
0.013688,-0.648991
0.345851,0.956984
-0.103320,0.837321
0.325526,-0.155324
0.022294,0.604862
-0.951857,0.032823
0.973647,0.451598
-0.338435,-0.036119
0.393460,0.549928
-0.037034,0.252098
-0.334132,-0.398953
0.706488,0.837413
0.062212,-0.843638
-0.797037,0.669866
-0.673254,1.007431
-0.062944,-0.207785
-0.983352,0.560274
0.315271,0.277276
0.258049,-0.273064
-0.045457,0.013321
-0.148549,0.404904
-0.963118,0.647801
0.838969,0.362880
0.184256,0.632878
0.443632,0.346400
-0.342555,-0.453795
0.662633,-0.062120
-0.592410,-0.175008
-0.821207,0.511292
-0.802438,-0.009842
-0.193319,0.774239
-0.359493,0.660070
0.735603,-0.334498
0.508911,1.209311
0.604312,0.059923
-0.516419,0.054704
0.558992,0.835765
0.427702,0.613742
-0.318476,1.198050
-0.433012,0.549287
0.026231,0.340266
0.459838,0.366268
-0.721686,0.836863
-1.135517,0.508545
0.139943,-0.256676
-0.066332,0.150105
-0.730476,0.711066
0.535005,0.235527
0.561647,0.543062
0.419004,0.812052
-0.063036,-0.009384
-0.149739,-0.185171
0.203940,0.607059
-0.009476,-0.501495
0.918989,0.645695
0.548921,1.184500
0.385128,0.133351
-0.679205,0.513398
-0.982620,0.721870
-0.137654,-0.843181
-0.599002,-0.326441
0.732490,-0.206137
0.967971,1.011460
-0.385403,0.425047
0.477325,0.576846
0.100574,0.723060
-0.563112,0.231498
0.498932,0.864422
0.400235,0.989853
-0.152486,-0.757118
0.806467,1.040117
-0.746132,-0.229850
0.323054,0.119984
-0.786691,0.519898
-0.592135,0.336879
0.271325,-0.050768
-0.753639,1.104297
-0.769845,-0.136647
-0.292108,0.973647
0.702918,0.703833
-0.076952,0.962386
0.506714,0.102496
-0.002518,0.976394
-0.651097,0.399686
0.775338,0.780374
-0.517335,1.052293
-0.671606,0.003067
-0.403073,0.079241
-0.203207,0.672246
-0.550386,0.691565
0.386319,1.111621
0.794290,-0.192312
-0.309778,1.057695
0.893902,0.634251
-0.982711,-0.014145
-0.385403,-0.155690
-0.137928,0.777810
-0.306940,-0.113849
-0.691656,0.692022
-0.385952,0.995254
0.450957,-0.108264
-0.572817,0.703467
-0.886578,0.851238
-0.412961,-0.013596
0.416715,0.204123
0.396390,0.613651
0.835124,0.614292
-0.762337,0.839885
-0.395291,0.862407
-0.865246,0.576754
-0.824870,0.923383
0.241661,0.566958
0.666112,-0.365719
0.314631,1.006790
0.780648,-0.124653
0.244774,0.485290
-0.709601,1.076647
-0.129139,0.128407
0.741920,0.743202
0.747597,0.573916
-0.382931,0.547090
1.041032,0.598727
0.633793,0.424589
-0.196158,-0.409116
0.661718,-0.008194
0.857189,1.042589
0.110187,-0.140400
0.379177,0.297876
0.224906,0.098010
0.904706,0.539033
-0.425047,0.726081
-0.196158,-0.351161
0.319849,-0.701086
-0.944258,0.191305
-0.176016,-0.361690
-0.100482,-0.179495
0.287347,0.488403
-0.229484,-0.197714
-0.031449,-0.160543
-0.609806,1.072161
-0.616123,-0.079608
-0.429991,1.055040
0.549287,0.705390
-0.608249,0.998093
-0.012772,0.526032
-0.169424,0.541688
0.484924,-0.015244
0.093432,0.166952
1.115192,0.334681
-0.728553,-0.187826
-1.137165,0.491882
0.127400,0.677007
-0.911847,0.889599
-0.765542,0.890881
-0.617496,0.891339
0.491974,-0.421384
0.343287,0.405911
-0.642674,-0.043443
-0.592868,-0.260155
0.229667,0.444639
0.080248,0.165578
-0.684515,0.021104
-0.093249,0.152669
0.225730,0.319849
-0.689367,0.115223
-1.028397,0.155232
0.157521,0.558443
-0.568514,0.187094
-0.855815,1.005875
-0.496277,-0.182974
-0.873852,0.118610
0.500946,0.283135
-0.375423,-0.389523
0.897839,-0.027055
0.418821,-0.429533
0.835582,0.218131
-1.030503,0.263817
0.688269,0.712806
0.227287,-0.500397
0.750252,0.022843
-0.049669,-0.024491
-0.817545,0.790445
0.362606,-0.449309
0.570711,-0.394742
0.095447,0.525758
-0.232414,-0.123188
0.254479,-0.749611
-0.694403,0.235893
-1.008164,0.348323
0.832743,1.069323
-0.627750,0.827525
-0.585726,1.153737
-0.891156,0.899121
-0.431730,0.070452
-0.353359,0.334864
-0.473937,1.165731
0.164480,0.244041
0.716468,0.922559
-0.397946,0.729377
0.070360,0.753456
0.714911,-0.179952
-0.682958,0.103687
-0.735054,0.656133
0.444639,0.534730
0.229942,0.889599
-0.748970,-0.085101
0.246239,0.508728
0.508087,0.357387
0.610172,-0.406095
-0.273431,-0.045091
0.998733,0.950117
-0.628117,0.435026
-0.705206,0.819376
0.465239,1.131214
-0.367458,-0.513215
-0.100391,-0.532167
-0.824961,0.326899
-0.547090,-0.538850
-0.487945,0.533448
-0.208518,0.047563
0.698981,0.455626
0.387783,0.110187
-0.944716,0.457366
0.541688,-0.487945
-0.701819,0.161275
-0.769845,-0.075396
-0.353816,0.355739
-0.410031,0.407285
0.875134,0.684698
1.127003,0.684698
0.654393,0.117237
-0.424223,0.385403
-0.280023,-0.030351
0.495727,0.066057
0.185080,1.109790
-0.636723,-0.193960
-0.399503,0.448302
-0.925947,0.033372
-0.467528,0.224998
-0.965590,0.477874
0.439512,-0.386868
-0.315180,0.397122
-0.432737,1.081683
0.617862,0.438871
-0.373135,1.174245
-0.425871,1.018052
-0.340541,1.036729
-0.931715,0.084460
-0.163930,-0.787606
-0.904614,0.234519
-0.521912,1.187338
0.766274,0.699622
0.253471,-0.508179
0.326624,0.337245
0.382199,0.604404
-0.370479,0.096728
-0.285791,0.364071
-0.269585,-0.284967
0.914686,0.141408
-1.035356,0.229392
-0.766457,1.060717
-0.646977,0.686163
0.751900,0.574923
-1.101184,0.486297
-0.057634,0.167501
0.546175,0.518250
0.967421,0.954237
0.200644,-0.287439
-0.730659,0.936567
-0.806192,1.095416
0.785775,0.944533
-0.576022,-0.131336
-0.627201,0.864055
0.011948,-0.899762
-0.461669,0.546449
-0.811686,1.121326
-0.446837,1.061815
0.133442,-0.405179
0.760140,1.178640
0.640202,0.379635
-0.033464,-0.830638
0.455351,0.402799
-0.059191,0.764626
-0.256310,0.662816
-0.301904,0.726081
0.890973,0.931532
-0.141224,-0.534547
-0.330561,-0.464141
0.238182,0.711615
-0.773782,0.367916
-0.940779,0.824137
-0.050584,0.005814
0.963759,0.935835
-0.134724,-0.440245
0.574465,0.756020
-0.525575,1.210135
0.609897,0.519898
-0.153401,0.032456
-0.748878,0.419370
-0.660985,-0.116321
-0.991134,0.664739
0.071184,0.135823
-0.358303,0.036943
0.576205,-0.106800
-0.519807,-0.040971
-0.805094,0.786874
0.008927,0.633244
0.894086,1.015488
0.191305,1.095965
0.434843,-0.267388
0.560366,-0.277001
-0.631413,0.434019
0.522553,0.027879
0.709693,0.105518
1.084887,0.626652
-0.880902,0.116962
-0.055162,-0.060747
-0.631779,0.166219
0.160268,0.678014
-1.062456,0.246971
0.767739,1.178457
0.450499,-0.126576
-1.105029,0.600009
-0.002335,0.252281
-0.916974,0.905164
0.321223,-0.075030
-0.174917,0.327082
0.513031,1.192648
0.802988,0.722968
0.102039,0.399503
-0.650822,0.716193
0.756020,0.074572
-0.253929,0.260887
-0.453154,1.099261
-0.112934,0.696600
-0.185812,-0.270684
-0.744942,0.431089
0.443083,0.888867
-0.700537,-0.258141
0.701086,-0.042619
-1.092669,0.455626
0.450407,0.544252
-0.237358,0.585818
-0.422483,-0.206229
0.809122,-0.140950
0.346583,0.098834
-0.080889,0.102588
-0.507172,0.379910
-0.922651,0.980331
0.370571,-0.240471
0.130787,0.711341
0.459380,-0.471557
0.536744,0.900678
0.035203,-0.726447
-0.871380,0.276086
-0.448668,0.892071
-0.710974,0.549104
-0.931623,0.155507
0.828623,0.897748
-0.148915,-0.680303
-0.716926,0.920728
0.218497,0.224357
0.591678,0.060198
-0.701819,0.057909
-0.167226,0.291925
-0.562014,1.155385
-0.124012,-0.504791
0.779550,0.642949
0.775246,0.801248
0.472289,0.508179
0.854900,0.197989
0.461028,1.127552
-0.955153,0.933821
-0.260613,0.789071
0.045366,0.777718
0.462767,1.062273
0.244499,1.025834
-0.788614,0.466247
-0.911298,0.654210
0.159810,0.088031
0.502411,0.189749
-0.703192,0.790719
-0.710974,0.436308
-0.945357,0.976760
-0.166402,0.050127
-0.430815,0.416807
-0.276177,1.194205
-0.544801,0.515961
-0.277367,-0.325159
0.385311,0.201193
0.464690,0.381375
0.002792,-0.007187
-0.828440,0.835032
-0.955702,0.411496
-0.141682,0.369839
-0.710791,-0.362056
0.703833,0.561922
0.529237,-0.536103
0.265648,0.195608
0.442167,0.968520
-1.034715,0.626926
0.047563,0.983352
0.839061,0.014237
0.492340,-0.004807
0.236076,-0.482177
0.271233,0.602390
1.013382,0.058092
0.584353,1.212424
-0.602756,1.097156
-0.162648,-0.829356
0.767373,-0.039048
-0.626286,0.044267
0.231132,-0.678106
-0.773049,0.424955
0.254662,0.507355
0.049394,0.786508
0.125752,0.598544
-0.575838,0.028153
-1.068590,0.738258
0.286340,0.196158
-0.272240,0.823222
0.461394,0.116230
0.567965,0.741005
0.162374,-0.021561
0.111011,0.600101
-0.915326,0.440245
-0.653203,0.671056
0.282220,0.129231
0.606052,0.786966
0.655858,0.885205
-0.829173,1.115558
-0.366726,0.966964
-0.979415,0.429167
1.007797,0.544984
-0.865978,0.274346
-0.321589,0.399319
0.552492,0.549837
0.309046,-0.150472
-0.165853,-0.546815
-0.665105,0.629582
0.955702,0.757759
0.240196,-0.325068
0.153035,0.772591
-0.497650,-0.112201
0.486572,-0.511750
-0.414426,0.327357
-0.863689,0.525208
-0.737251,1.062090
-0.025864,-0.136280
0.105884,-0.343379
0.115131,-0.620426
0.864055,0.482177
-0.466704,0.659978
0.662542,1.104480
-0.462035,0.850322
0.374416,1.016312
1.008805,0.704199
-0.832011,0.796030
0.597537,0.992508
0.311060,0.658147
0.139943,-0.728828
0.102405,0.431181
-0.482910,-0.276452
-0.494995,0.356746
-0.026872,-0.355739
0.771584,-0.215201
0.609439,-0.105792
-0.271508,-0.575564
0.008560,-0.965224
-1.127644,0.509827
-0.120075,-0.225822
0.250816,-0.602481
0.885296,0.362423
-0.488586,0.080615
-0.258507,0.084826
-0.205405,0.319208
0.943617,0.575655
-0.413236,1.101184
-0.922010,0.308130
0.885571,0.413785
0.010300,-0.512299
0.371761,0.607059
-0.769753,0.901410
0.181875,0.209616
-0.232963,-0.072741
-0.814524,-0.016434
1.002670,0.811594
0.536927,0.514039
-0.365078,0.687902
0.324976,-0.379818
0.180960,-0.394375
0.821207,0.772866
0.422300,0.562746
-0.431272,0.687445
0.165944,-0.007096
-0.928327,0.687445
-0.606876,-0.398862
-0.988845,0.766091
-1.109699,0.401334
0.768380,1.020157
-0.751350,-0.269585
0.625370,0.334681
0.280755,0.951491
-0.475951,-0.367733
0.774880,0.463317
0.156514,-0.508179
0.874310,1.027024
-0.226920,1.109973
-0.689825,-0.231223
0.639286,0.516144
1.034165,0.214743
-0.490692,-0.444182
0.901135,0.102588
0.852977,0.624180
-0.515687,0.159902
-0.468444,1.221671
1.027207,0.167318
0.012955,0.033830
0.142232,-0.496918
0.951674,0.170156
0.224540,0.092334
-0.111011,0.022568
0.144246,0.531983
0.647801,0.942335
0.135365,0.989761
-0.665380,0.967513
0.952589,0.671056
0.020463,0.379452
-0.185995,-0.722968
0.868450,-0.150105
1.028214,0.750801
0.626835,-0.224357
-0.078692,0.758400
0.748421,0.548280
0.674535,1.154286
0.428892,0.486938
0.140034,0.414335
-0.151479,-0.801523
0.606601,0.376888
-0.800607,0.122272
-0.045457,-0.395291
0.160360,0.858196
-0.479797,0.217673
0.725623,-0.052049
-0.099475,0.110370
-0.089038,0.119526
-0.877972,0.480346
-0.943709,0.630222
1.050279,0.393643
-0.793191,0.922285
-0.215751,0.857280
0.918806,0.494263
-1.058428,0.773690
0.167959,-0.424039
0.293023,0.678564
-1.003494,0.615665
0.843730,0.196615
-0.234977,-0.462584
-0.302728,-0.040880
0.932264,0.287896
0.907544,0.142323
0.319666,1.178457
-0.723609,0.225181
-0.535920,0.130879
-0.554231,0.897656
-0.222709,-0.590030
0.111194,-0.656774
-0.642949,0.439146
-0.567965,1.014481
-0.157247,-0.557436
-0.597171,-0.412595
0.035020,-0.651280
0.755654,0.030808
-0.478515,0.015885
-0.615757,-0.381100
-0.609897,0.839061
0.525208,0.447569
0.416807,-0.081805
-0.713538,-0.224174
0.391079,0.198447
0.046556,0.349239
-0.705298,1.062090
-0.428434,1.187063
-0.320215,-0.198263
-0.118336,-0.425871
0.373501,0.828257
0.658971,0.023759
-0.467345,0.172811
0.333583,0.482635
-0.087207,-0.757942
0.473937,-0.044450
-0.030625,0.079241
0.448027,-0.099200
-0.034013,-0.710700
0.788156,0.665838
0.116230,1.097156
-0.088855,0.441527
0.245323,0.640019
0.161184,0.691015
0.501587,-0.559175
0.336421,0.927961
0.891064,0.924390
0.247795,-0.716651
-0.636082,-0.216849
0.373592,1.066393
-0.560274,0.652379
0.393368,-0.214652
1.006790,0.514405
-0.374691,0.516785
0.101306,-0.816538
-0.259423,0.189291
0.105701,0.348323
-0.377255,0.577120
-0.507355,0.696417
0.269311,0.334773
0.445006,0.548097
0.055254,-0.107349
1.039384,0.454619
-0.688910,0.456633
0.283044,0.124653
-0.245781,-0.560640
0.962752,0.508271
0.469085,0.462767
0.347682,1.111164
-0.626469,0.205588
0.408017,-0.167226
0.120075,-0.655126
-0.207602,0.713630
-0.229301,-0.198630
0.620975,0.822764
0.210898,0.523194
-0.730934,0.674352
-0.135640,-0.852153
0.586550,0.464324
-0.261162,-0.506623
0.441527,0.968795
0.653111,0.443266
0.049944,-0.435484
-1.010910,0.907819
-0.219321,-0.344478
0.907910,-0.104144
-0.364803,-0.529420
-0.471374,0.130604
0.249168,0.358852
-0.582247,0.225822
0.943342,0.099933
0.351344,0.540407
0.264733,-0.059374
0.697058,-0.416166
-0.569704,-0.055345
0.787973,0.369747
-0.200644,-0.052690
0.364803,0.072375
-0.293756,-0.757485
0.934828,0.375881
-0.166128,-0.050401
-0.012223,0.223624
-0.074114,-0.451048
0.588198,0.361232
0.097919,0.421018
-0.256401,1.053484
-0.101672,0.635899
0.075121,-0.697974
-0.257866,0.794198
0.608524,-0.186728
-0.739814,0.669591
0.813700,0.368923
-0.273156,-0.752541
-0.253838,0.631046
-0.857280,0.276177
0.616398,0.542787
-1.100818,0.378536
-0.440153,0.953780
-0.016526,0.681951
0.253471,0.092517
-0.461577,0.214103
-0.061663,0.637638
-0.425230,-0.568422
-0.032914,-0.476409
0.422575,0.348872
-0.785592,0.641942
0.914319,1.050096
0.431181,-0.518250
-0.016160,0.686712
0.828715,0.809030
-0.717750,0.643681
0.745491,0.561922
-0.724433,0.622532
0.203482,-0.044359
0.248527,-0.287530
0.968703,-0.014786
0.466247,1.133778
-0.280206,0.723426
-0.066515,-0.465972
0.932722,0.266198
-0.414060,0.626194
0.430082,-0.589389
-0.359310,1.196951
1.028581,0.529237
-0.237541,0.750160
-0.600650,0.856914
-0.067522,0.693213
-0.295404,0.165761
0.669591,-0.124470
-0.661443,0.802805
0.482177,1.006516
-0.818552,0.750435
0.759499,0.405087
-0.755654,-0.080432
1.065203,0.388333
0.817179,0.801248
0.141133,-0.567141
-0.687170,0.102313
0.379543,0.687811
1.034257,0.275811
-0.074480,0.700720
1.024552,0.055803
-0.624821,-0.146443
-0.420103,0.003250
0.931898,0.385586
0.056169,-0.375240
-0.721503,1.022263
-0.998093,0.263176
0.673711,0.337611
0.221702,0.102405
-0.120899,0.738533
0.754646,-0.064592
0.168691,0.251640
-0.801340,0.460295
-0.512391,-0.458831
-0.021104,-0.049303
-0.773965,0.641118
0.060747,-0.736061
-0.086749,0.631138
-0.598819,1.227439
-0.042985,0.418363
-0.650914,-0.359493
0.025773,-0.905896
-0.130421,0.336604
0.251366,-0.608066
-0.065508,0.205954
0.084368,0.847942
0.429807,0.360317
-0.840068,0.628391
-0.802347,0.336604
-0.431181,0.855449
1.089740,0.513215
-0.017441,0.057360
0.161641,-0.842174
0.948561,0.348689
0.105152,0.686712
0.609989,-0.468169
0.104053,0.636357
-0.994064,0.357570
-0.582797,0.884930
-0.739814,0.901410
-0.228111,0.763527
0.944990,0.440336
-0.235343,-0.487671
0.576937,-0.468261
0.535279,0.764077
0.635075,-0.081713
-0.383755,-0.084826
-0.767006,0.956618
0.292108,0.653844
0.302362,1.140645
0.819468,1.065661
0.460387,0.019364
-0.071001,-0.080340
-0.364803,0.967147
-0.118519,-0.795022
-0.525758,0.147816
-0.680303,0.670415
-0.693945,-0.227012
0.358211,0.043809
-0.033738,0.851054
0.268029,-0.624454
0.251366,-0.693579
0.110096,-0.613193
0.735511,0.363796
0.322047,-0.179037
0.287439,0.450133
0.060289,0.161275
0.197256,0.984817
-0.226646,-0.475585
-0.291467,-0.018174
0.773690,0.797769
0.021195,0.613193
-1.075549,0.852611
0.047288,0.998550
-0.851421,-0.172170
1.038285,0.646611
-0.318934,0.360500
0.348598,1.141560
0.576846,0.696875
-0.912030,0.717841
-0.274895,1.119221
0.269494,0.779366
-0.224723,0.833476
-1.064928,0.822214
0.570162,0.141865
-0.842631,-0.240745
-0.016343,-0.426420
-1.121235,0.540864
-0.264367,0.340907
-0.743202,-0.348964
-0.269219,0.272607
0.311151,-0.536103
-0.512116,-0.432920
-0.919721,-0.082720
0.615848,0.962203
-0.429167,-0.225272
-0.459563,0.204947
-0.310511,0.376064
-0.096362,0.562197
0.595248,1.042955
-0.096088,-0.539308
-0.600192,0.957991
0.225364,-0.657964
-0.842082,0.658422
-0.525025,0.083636
-0.453978,0.403531
-0.880444,0.519623
0.003708,-0.820475
-0.191122,-0.542146
-0.788064,-0.022935
0.232231,1.044877
0.000595,-0.933180
0.986923,0.699072
-0.840251,0.443815
0.720222,0.622715
-0.132618,0.336146
-0.356105,0.110462
-0.380184,-0.637730
-1.033433,0.182516
-0.623447,0.984359
-0.872662,0.932081
0.198080,0.638371
0.799051,0.930891
-0.072008,-0.837046
-0.313898,-0.230949
-0.547456,-0.296777
-0.671606,1.142567
-0.528504,1.200980
-0.838786,-0.108081
0.087939,0.268303
-0.791452,-0.095447
0.882000,0.406369
0.005081,0.569155
0.847026,0.233787
0.120624,-0.297418
-0.542879,0.955702
-0.627659,0.871197
0.096637,0.824412
0.736152,0.907544
-0.505158,0.532258
0.442351,0.089953
-0.922376,0.629948
0.216941,1.062548
-0.371670,1.201804
0.952223,0.728278
0.800516,0.808115
0.695318,0.710150
0.121448,0.958815
-0.768471,0.301263
0.297784,-0.026322
-0.492981,0.708228
0.476867,1.171957
1.078204,0.454985
-0.624180,0.113666
0.732765,0.589663
-0.429075,-0.637364
-0.830546,0.900952
0.288995,0.147725
0.312891,0.665654
0.981796,0.144795
0.117054,0.929701
0.462676,-0.025132
-0.467437,0.792093
-0.528779,-0.184164
-0.603671,0.081530
0.436308,0.571352
0.051592,-0.449492
0.540407,-0.150838
-0.619968,0.462676
0.121174,-0.021104
-0.745857,0.410764
-0.089404,0.252831
0.429533,-0.159536
-0.334590,1.123066
0.843455,-0.121540
1.092853,0.385311
0.788430,0.394467
0.723243,-0.048112
0.060472,0.294763
0.577395,-0.386776
0.066332,0.977676
0.901227,1.013474
0.521088,0.998367
-0.697058,0.649266
-0.055071,0.403531
0.156331,0.586825
0.264641,0.875317
0.628849,-0.043077
-0.446013,-0.402799
-0.271508,0.759499
0.614017,0.137837
-0.386776,0.581423
-0.612827,-0.339900
0.697699,0.296594
-0.015519,-0.305567
-0.102771,-0.051408
-0.546815,-0.516511
0.700446,0.806101
0.679662,0.609348
0.304102,0.862041
-0.021195,-0.490326
-0.199454,-0.248985
0.867443,0.700720
0.419004,-0.300165
-0.171987,1.070055
-0.277184,0.137928
0.680120,1.085986
-0.040056,0.079333
-1.079577,0.835215
0.556429,0.684698
-0.387967,0.873028
-0.497101,-0.222526
1.074450,0.853984
0.819010,0.599734
0.601932,0.679388
-0.241478,-0.379177
0.101764,0.241020
0.220420,0.162191
-0.230491,-0.768105
-0.326716,-0.698523
-0.876324,1.032060
0.201743,-0.619877
0.168050,0.179128
-0.511567,0.630772
-0.543703,-0.483551
-0.971267,0.646245
-0.542695,1.061541
0.305109,0.838145
-0.598636,0.920820
1.052202,0.741096
0.677099,0.297143
-0.620518,-0.235710
-0.142964,-0.271691
0.378445,1.191641
-0.394925,0.560823
0.109088,-0.059099
-0.287713,0.307947
-0.467986,0.085101
0.060930,0.190115
0.550478,1.177816
-0.187094,0.448119
-0.691473,-0.168966
0.089404,-0.527680
-0.754189,0.022477
0.598086,-0.350154
-0.191671,-0.687902
0.316919,-0.702826
0.253014,-0.391263
0.265557,0.744484
0.594974,-0.223899
-0.247795,0.613285
-0.882550,0.475768
-0.135365,0.797769
-0.376339,1.163900
0.952406,0.964217
0.015793,-0.584536
0.571444,-0.384671
0.471465,0.115497
-0.434935,0.420652
0.343104,-0.301630
0.168233,0.895276
0.126576,-0.452422
0.251823,0.145802
-0.980331,0.488861
1.033891,0.365993
0.254479,0.502045
0.245140,0.770119
0.798044,0.808664
0.255943,1.036454
-0.712989,0.924116
0.665380,-0.418271
-0.728828,-0.164754
-0.439238,-0.046281
0.259239,1.175436
-0.427793,0.516144
0.069079,-0.606143
-0.443449,-0.108173
0.211722,0.388699
0.462401,1.179098
-0.661992,1.177175
0.756203,0.584262
-0.041154,0.996261
-0.364895,0.895459
-1.058153,0.536561
0.202567,0.078234
-0.216117,0.645878
-0.654485,1.005600
0.268487,-0.495361
-0.453887,1.090106
-0.251091,-0.516968
0.900769,0.030351
-0.975295,0.929151
-0.473205,-0.155324
-0.031999,-0.624821
-0.057360,-0.071184
0.752724,-0.189383
0.738533,0.372951
-0.053148,-0.131703
-0.549379,0.336055
0.251732,0.009018
-0.055528,0.300989
-0.680120,-0.338252
-0.801065,1.106861
0.701910,-0.172170
0.258873,0.229850
0.224998,-0.112751
0.705847,0.191488
0.319575,-0.422025
-0.528596,0.418821
-1.099994,0.264000
-0.663823,0.247978
-0.621342,1.221030
0.592868,0.330195
0.243034,-0.709418
-0.224174,0.781930
-0.115955,-0.099475
-0.101764,-0.487304
0.360225,0.061754
0.549196,0.450591
-0.126667,0.549104
-0.784860,1.058702
0.736061,0.381832
0.007004,-0.844279
1.002213,0.987655
-0.428892,-0.307215
0.623630,0.972732
0.444639,0.299890
-1.065294,0.885937
-0.307031,1.171865
0.941603,0.087207
-0.081072,-0.647160
-0.185537,-0.283502
-0.315546,0.333033
0.294122,-0.395932
0.774606,-0.247978
-0.336695,0.893262
0.818827,0.783395
0.035295,-0.226554
0.209616,-0.627384
0.080981,0.861766
0.805460,0.363704
-0.526582,0.514679
0.252007,0.453063
0.120991,0.273614
-0.321589,-0.319758
-0.500214,0.218589
0.071917,0.358211
-0.838328,0.754372
0.226463,-0.730567
-0.475768,0.380825
-0.483184,0.312342
-0.592044,-0.387051
-0.140309,-0.537751
0.540773,0.838969
-0.785958,0.807016
-0.624454,0.825419
-0.879620,0.183981
0.368740,-0.135914
-0.799051,0.307672
-0.624180,0.284326
0.886486,0.597720
-0.090136,-0.860393
-0.771859,0.300256
-0.681036,0.261803
-0.174642,0.291559
0.281121,-0.213736
0.687078,0.396298
-0.447752,1.179556
0.674627,0.570528
-1.045335,0.102863
-0.187094,-0.468261
-0.119892,-0.573641
0.241935,0.948286
-0.088214,1.014023
0.160726,0.138478
0.633244,0.623539
-0.254112,0.552034
-0.727363,0.905164
0.518891,0.375423
0.096912,0.683966
0.107807,1.067858
-0.669683,0.685980
-0.501953,0.038774
0.606601,0.446837
0.453703,-0.125477
-0.897290,0.583712
0.242393,-0.563936
0.976119,0.673345
-0.758034,0.062761
-0.663366,0.142415
0.833567,-0.036760
0.673620,0.902692
-0.014054,-0.407010
0.293023,-0.705939
-0.393094,-0.436033
0.017533,0.691748
-0.486389,0.532716
0.271966,-0.668950
0.515687,-0.521546
-0.996902,0.287164
0.183615,0.957625
1.084796,0.824961
1.000473,0.437681
0.951765,0.006729
-0.673894,0.587283
0.336512,1.189627
0.386227,1.100360
-0.391263,-0.342647
0.375881,0.834666
-0.362056,0.046098
-0.685797,0.886395
-0.159719,-0.809946
-0.275536,1.061541
-0.345851,-0.707678
0.480163,-0.441984
0.295953,0.717566
-0.823038,-0.204947
-0.107440,-0.175192
0.358211,0.807382
0.692938,0.693670
-0.332667,0.050951
-0.544435,-0.341182
0.257042,-0.000595
0.179128,-0.135456
0.628300,1.008530
0.767830,0.748146
0.678747,0.362697
0.288720,-0.014786
0.128681,-0.390347
-0.010666,0.518250
-0.342830,0.782113
-0.353175,-0.117237
0.658879,-0.112384
-0.362423,0.289178
0.102496,-0.072466
-0.553865,0.573733
0.582980,-0.377987
0.549013,0.775796
0.729194,0.513123
0.550203,1.164449
0.338801,1.058153
-0.052232,-0.504334
0.864147,0.652013
0.317927,0.603214
0.707129,0.950484
-1.115650,0.389248
0.797861,-0.169698
0.374874,0.066149
-0.057634,-0.333033
0.939955,0.418271
0.842357,0.149648
-0.667760,0.014328
0.463958,0.866527
0.069536,0.937391
0.239830,-0.676366
1.019150,0.339534
-0.790078,-0.172628
-0.407651,-0.287805
-0.988296,0.191855
-0.083270,0.653661
-0.125752,1.018052
0.927961,-0.043443
-0.013321,0.295129
0.485199,0.643223
-0.819834,0.863414
-0.501770,-0.259697
-0.524934,0.685156
0.148274,0.487304
-0.234153,1.137257
-0.791910,0.144063
-0.672246,-0.024949
0.063768,-0.348506
-0.917524,-0.134175
-0.094989,-0.805734
1.036821,0.082080
0.200369,-0.609165
-0.110096,-0.571902
0.965133,0.103412
-0.661718,0.508820
-0.602756,-0.045824
0.850047,0.263634
0.815256,0.994705
-0.350337,0.913221
-0.623173,0.480163
-0.165212,-0.175008
0.037034,-0.016343
0.806284,0.585635
0.003159,0.412503
0.293298,0.539491
0.989303,1.012650
0.201743,0.491882
0.326716,0.407468
0.754372,-0.209799
-0.955061,0.482177
-0.709052,0.550661
-0.928877,0.036760
-0.363247,0.932630
-0.423856,-0.157796
0.585177,0.838786
0.699255,0.787332
-0.644414,1.063463
0.207511,-0.469268
0.102771,-0.477050
-0.157979,0.615390
1.062365,0.222800
0.299158,0.692389
0.948195,0.097278
0.730567,0.597629
0.170980,1.002121
0.000046,-0.369198
0.420469,-0.415891
0.259331,-0.057268
-0.357112,0.158803
0.186636,-0.817637
0.758126,0.616123
-0.803903,0.819193
0.009201,0.110828
0.178304,0.602390
0.222892,0.316645
-0.173635,-0.635990
-0.022294,0.460753
-0.473754,0.825419
-0.177938,0.506073
-0.135640,0.762520
-0.962477,0.136372
-0.929426,0.068712
-0.418912,-0.584628
-0.520814,0.612827
0.364895,-0.584902
-0.199179,0.490600
-0.011399,-0.381375
-0.189108,-0.293481
0.944624,0.928510
-1.037187,0.160268
-0.952498,0.567141
0.694494,0.555055
0.842265,0.085009
0.317286,-0.579958
0.285333,1.196493
-0.300439,1.094958
-0.146168,0.266015
-0.109180,0.147633
-0.119984,0.607608
0.745399,0.455077
0.678930,-0.121815
0.581149,0.073931
-0.043901,0.110828
0.159536,1.123890
0.444182,1.187155
0.432829,0.890423
0.208151,0.387509
-0.827433,-0.233970
-0.322413,0.618412
-0.708045,0.780099
-0.700354,0.758400
0.423490,0.883648
-0.055895,0.612369
-0.956893,0.434385
0.135823,0.285699
0.935377,0.602573
0.539949,-0.056352
0.925764,0.192404
-0.515137,0.046373
1.012558,0.326167
0.233970,1.104389
-1.063280,0.694311
0.633976,0.273705
0.398495,0.926222
0.024216,-0.594699
-0.684240,1.212333
-0.859294,0.305933
0.646245,-0.475402
0.471831,-0.456450
-0.893902,1.031236
0.372311,-0.136555
0.524842,-0.099200
0.660527,-0.035203
0.551393,-0.094531
0.687078,0.740638
0.567049,-0.363155
-0.722968,-0.290277
0.307398,-0.007828
-0.559725,0.446928
-0.744850,0.342555
-0.210623,0.200827
-0.069994,0.293847
0.366085,0.954604
-0.489319,1.147786
0.844737,1.139180
0.665746,-0.279290
0.094348,0.723151
-0.455351,1.140645
-0.860851,0.644597
-0.454619,0.330195
0.181234,-0.667669
0.015976,0.407193
-0.494537,0.020005
-0.071001,0.852702
0.604587,-0.145619
-0.916517,0.498291
-0.235710,0.814707
-0.972732,0.659703
-0.174184,0.419370
-0.159993,0.870556
-0.345485,0.487945
-0.584536,0.815531
-0.828806,0.624363
-0.554506,0.753456
0.289544,0.423215
-0.623356,1.039384
-0.434202,1.075915
0.504608,-0.014512
-0.875866,0.050676
-0.289819,-0.085742
-0.386135,1.013932
0.295129,-0.113575
-0.986282,0.373959
0.656041,-0.057268
-0.309320,-0.738807
0.649907,0.851421
1.032517,0.431730
0.455901,-0.135731
0.598086,-0.040880
1.093677,0.513581
-0.782296,0.639653
0.509919,-0.230399
-0.624363,0.472564
0.470183,0.775887
-0.280480,-0.482818
0.780190,-0.168600
-0.312983,-0.517609
-0.270409,-0.683599
0.601016,0.502319
0.613376,0.089862
0.591586,1.141285
0.992599,0.680120
0.164937,0.752358
0.746223,1.017869
0.353359,-0.408658
0.945631,-0.007828
0.023942,0.361324
1.075549,0.320582
0.375698,0.002426
0.074480,0.422849
-0.063402,0.468169
0.121632,-0.621799
0.463866,0.005173
0.415250,0.997635
-0.568880,0.657781
-0.969344,0.669042
0.788888,-0.137745
0.393094,0.512207
-0.762703,0.640934
-0.523103,0.041978
0.681219,0.260613
0.029801,0.704016
0.180136,0.827158
-0.066698,-0.194235
0.117695,-0.613559
-0.320856,-0.681494
0.948286,-0.072466
0.348140,-0.378628
-0.496460,-0.586825
0.181509,0.346767
0.270592,0.646702
0.783486,0.098743
-0.499847,1.079394
-0.554048,1.037736
0.384671,0.879803
0.020096,0.059465
-0.320582,0.098834
-0.502319,0.477050
-0.642949,-0.018174
0.593142,1.215995
0.571718,0.666387
-0.537660,0.811594
-0.878796,-0.086200
0.490967,0.035844
-0.469726,-0.131703
0.656407,0.730201
-0.725257,-0.038316
0.002518,0.796396
0.335963,0.609622
-0.356288,0.444548
0.942335,0.538301
0.671422,0.412687
-0.313623,-0.045091
-0.494446,0.170339
0.038133,-0.584994
-0.187460,1.033433
-0.940870,0.674902
-0.381741,1.018601
-0.701178,1.019333
0.802530,0.069353
-0.390347,-0.267754
0.871380,0.041795
0.019364,-0.816904
-0.374874,0.308405
0.942061,0.910932
-0.996353,0.501770
0.961287,0.410672
-0.145070,-0.335414
-0.252281,-0.357570
-1.017960,0.068072
-0.423856,0.170522
0.775155,0.510651
0.288720,1.087085
-0.465239,-0.559175
-0.873028,0.295679
0.673437,-0.071642
-0.620243,0.732765
-0.861126,0.318476
0.611179,0.031083
-0.615207,0.393460
-0.496185,0.854534
-0.421567,0.588931
0.443815,-0.111835
0.768380,-0.023667
0.596622,0.925306
-0.261986,0.832652
-0.433103,-0.307489
0.963210,0.334681
0.628941,0.780923
0.928968,0.506989
0.288629,0.033372
0.041154,-0.444090
-0.909742,-0.097919
-0.484924,0.969344
0.144429,0.667119
0.224357,-0.530152
-0.227287,-0.422391
-0.501587,0.169515
-0.488586,0.763985
-0.360958,1.213889
0.094256,-0.477966
-0.857097,0.730934
0.360408,0.137928
0.018357,-0.257591
0.309961,0.072008
1.043229,0.153218
0.896374,0.860576
-0.417631,0.722419
0.582064,0.463042
-0.204031,0.151753
-0.572634,-0.033647
0.007736,-0.344752
-0.331935,-0.513581
-0.207968,0.101398
0.020280,0.139119
0.694678,0.842998
-0.081347,0.797678
-0.812052,0.785592
-0.324702,0.037400
0.121632,0.064776
-0.974746,0.141224
-0.369198,0.035752
-0.150746,-0.325251
0.941786,0.774239
0.792276,1.074908
0.602573,0.946638
0.207053,0.151204
-0.425596,-0.442717
-0.009659,0.624638
0.078967,1.042955
-0.416257,0.505524
-0.635716,-0.286981
0.999557,0.318201
0.314905,0.041795
-0.016800,0.804544
-0.406827,1.052110
0.546541,1.060167
-0.522370,0.142232
0.744118,-0.031907
0.649083,-0.031724
-0.294305,0.381558
0.270135,0.614292
0.595889,0.866344
-0.466063,0.991134
0.621891,0.625828
1.047716,0.690832
0.792917,0.974929
-0.289636,-0.722785
0.904157,0.599918
-0.579775,1.192740
-0.810770,0.670690
0.130421,0.855083
-0.548555,0.529237
0.576205,0.735786
-0.616672,-0.404904
-0.896283,0.952589
-0.177480,-0.116321
-0.474853,0.604129
-0.046922,-0.667577
0.743477,0.680853
0.633610,0.242485
-0.772408,0.697150
0.969344,0.001694
0.068072,0.284875
-0.076861,-0.438871
-0.228111,0.668401
0.018357,-0.653111
0.236167,-0.587374
-0.885205,0.129780
0.120075,0.716102
-0.290185,0.434751
0.488037,0.105152
-0.961562,1.037645
-0.314997,0.183340
-0.105884,-0.764260
0.452971,0.767190
-0.149281,0.803262
0.444090,0.593234
0.517518,0.654485
-0.400693,0.315546
0.862041,1.064928
0.783395,0.322413
-0.191671,1.147237
0.191122,0.500488
0.971450,0.514130
0.579134,0.309320
-0.409391,0.043077
0.116871,0.145070
-0.610080,0.297967
-0.791360,0.388333
0.766182,-0.140034
-0.337519,0.534455
-0.015519,0.222434
-0.112110,0.824137
-0.494995,-0.369015
-0.353084,0.695593
0.724158,-0.319300
0.791543,0.380276
1.002487,0.740638
-0.439879,0.020096
1.053301,0.308039
-0.821574,-0.008744
0.064867,0.234245
0.277367,0.830546
0.613742,-0.036302
-0.354732,-0.037492
0.766091,-0.172262
0.467986,0.154042
-0.438780,1.159871
-0.486114,-0.127125
0.525758,0.069536
-0.071276,-0.300989
-0.129048,0.996719
-0.495087,0.668126
-0.301447,0.442534
-0.329554,-0.435301
-0.564760,1.133320
-0.797861,0.221152
-0.684423,0.129414
0.242759,0.199820
0.474120,-0.117786
-0.438963,-0.270318
0.364895,0.267479
-1.057695,0.848216
-0.397031,-0.370754
0.765542,1.112812
0.939314,0.451872
-0.894910,-0.107166
-0.748695,1.065020
-0.447752,0.096271
0.315180,0.628666
0.309961,1.127918
-0.768654,0.658971
0.192038,-0.514405
0.790994,0.224448
-0.064226,-0.436308
0.501770,-0.601749
-0.700354,0.269768
-0.752541,0.492157
-0.087024,-0.741279
-0.917524,0.021012
0.498199,1.122425
0.243309,-0.067980
-1.009812,0.755562
0.955977,0.005081
0.070544,0.053972
-0.019730,-0.783303
0.353816,1.095233
-0.862865,0.899121
-0.504700,-0.036760
-0.418729,-0.212271
0.110187,0.447020
-0.364254,-0.363979
0.044633,0.103229
0.424863,0.585635
1.085620,0.724433
-0.478423,0.912030
-0.060106,0.235893
-0.222617,-0.342280
0.621982,0.054430
0.403897,0.319483
0.802072,1.073260
0.930891,0.391629
0.266015,0.299066
0.978408,0.504975
1.077380,0.654393
0.289361,1.040391
-0.878338,0.410855
0.401700,-0.636082
0.255577,0.429716
0.830912,1.140645
0.384396,-0.364254
0.081896,-0.102130
-0.107532,-0.072283
0.985275,0.361324
0.591311,-0.278283
0.833293,0.125660
0.979873,0.692206
0.822764,0.851604
0.641575,0.529328
0.438780,0.845561
0.154592,-0.494812
-0.162740,0.366176
-0.940229,0.955885
-0.195608,0.684973
-0.346034,0.174825
-0.259423,0.358394
-0.039415,0.084368
0.529511,-0.579226
-0.080432,0.327174
-0.138752,-0.011216
-0.303919,-0.534547
-0.666112,1.031602
0.003800,0.982986
0.496460,-0.304193
0.266015,-0.485107
-0.035844,0.951399
-0.272607,0.623814
0.045915,-0.800424
-0.458922,-0.394467
-0.251091,0.434385
0.135090,-0.764901
0.279382,1.041398
0.921918,0.445097
-0.631321,0.450224
0.216758,-0.658788
0.822947,0.929884
0.100116,-0.825053
0.289361,0.995987
-0.581423,0.682592
0.835398,0.931806
0.371487,-0.657140
0.376247,-0.028428
0.902051,-0.108448
-0.394559,0.814158
0.350978,1.014847
0.948378,0.382382
-0.478607,1.011917
0.478057,0.701270
1.049455,0.178030
-0.857372,0.655950
0.881634,-0.095264
-0.755013,-0.035661
0.178121,1.145314
0.156240,0.039689
-0.773049,1.066668
0.232414,0.090136
-0.709143,0.074023
0.063311,-0.588382
-0.927870,0.618778
-0.455718,-0.154317
-0.713446,-0.362972
-0.051408,0.020646
-0.562471,-0.077319
0.831278,0.193503
-0.197439,0.509552
-0.561922,-0.223533
-1.071062,0.246422
0.635624,0.944533
0.440611,0.245048
-0.724891,0.118336
0.415708,0.035752
0.714270,0.987472
0.082354,0.715003
-0.786416,0.809488
0.638829,0.023576
-0.390164,0.027787
-0.720038,0.774056
1.119037,0.465331
-0.332392,-0.662999
0.562838,-0.254021
-0.828074,0.635533
-0.542787,0.484741
0.035936,0.645238
0.285058,1.132130
0.252922,0.861858
0.322138,-0.019913
-0.353816,0.581973
0.847758,0.318293
-0.710150,-0.016343
1.035722,0.694769
0.125660,-0.453612
0.829814,0.785043
0.098834,0.299524
0.628117,0.991684
0.325892,-0.732124
0.416532,0.774880
0.339717,0.175832
0.346583,-0.456999
-0.158986,0.812235
-0.105976,-0.375515
-0.219962,-0.621250
0.413053,0.462035
-0.416807,0.759316
-0.003708,-0.814524
0.282861,0.849223
0.989944,0.492248
0.220786,-0.604862
-0.908643,-0.053056
-0.233970,-0.262719
0.768654,-0.105335
0.190573,0.776986
0.605869,0.824686
0.405179,-0.174642
-0.517518,0.832926
-0.572817,0.580874
-0.809122,0.155507
0.854076,0.360775
0.323511,1.185415
-0.201559,1.114826
-0.845195,0.349239
-0.522736,-0.504883
-0.836772,0.760323
-0.203848,0.604221
-0.501129,1.047990
0.024583,0.587741
0.579134,1.198050
0.013413,0.805826
-1.101093,0.656682
0.412503,-0.462676
0.052141,0.285150
0.389523,-0.013504
-0.549471,0.192495
-0.632603,-0.269402
0.206412,0.896008
0.536836,0.802896
-0.011307,-0.669134
0.549379,0.827799
-0.314356,1.048540
-0.113300,0.801798
1.064287,0.373959
1.065386,0.669591
-0.985824,0.430448
-0.435759,0.316462
0.310968,1.015488
1.018784,0.652104
-0.240562,1.027207
0.528321,0.540132
0.414151,0.050127
0.189108,0.163198
-0.106616,0.459563
0.555788,-0.509186
-0.477874,-0.557619
-0.120350,-0.653386
0.894086,0.270318
-0.194601,0.851146
-0.889233,1.032884
-0.480621,-0.151204
-0.733680,0.735969
-0.776070,0.323695
-0.573733,0.164937
0.410306,0.744484
-0.329371,1.188437
-0.001236,0.219230
-0.125202,0.641301
-0.758126,1.033616
1.072802,0.246605
-0.093616,0.621799
0.124470,1.114277
1.094501,0.740638
-0.320948,0.741554
0.895917,0.981796
0.078326,0.562380
-0.376980,-0.656774
-0.045091,0.717566
0.545351,0.763344
0.462035,1.229820
0.804270,0.483551
-0.094348,-0.204855
0.473296,0.744850
0.710150,-0.167776
-0.329188,-0.279656
-0.133992,-0.472289
0.473479,0.358119
0.491333,-0.472564
0.219504,-0.081713
-0.531892,0.466521
0.899579,-0.132984
-0.781106,0.733222
0.982803,0.848949
-0.720954,0.545259
0.189108,-0.557711
-0.253380,0.005448
-0.771493,1.169393
-0.265099,0.042711
-0.532441,-0.011673
-0.603854,0.503693
-0.656224,0.427335
-0.111103,0.578860
-0.849040,0.411863
-0.661168,0.418455
-0.751900,0.718390
0.436216,-0.621708
-0.729377,-0.341731
-0.001877,0.791269
0.585452,-0.180593
-0.220695,-0.370754
0.055162,-0.125843
-0.584536,-0.333857
0.415983,-0.545625
0.594790,0.547548
0.983718,0.486297
-0.869732,-0.153310
-0.131611,0.438780
-0.071551,-0.487213
0.425413,-0.570620
1.082324,0.621799
0.664830,0.342647
-0.543794,1.092944
-0.504975,1.118580
0.024033,0.986557
-0.885846,-0.189749
0.405545,0.792276
-0.055071,0.556612
-0.012131,0.969893
-0.549104,0.798318
-0.602481,-0.420560
-1.088366,0.557985
-0.482910,0.571352
0.774972,0.994613
0.420560,-0.193411
0.756386,0.537385
0.106983,-0.491607
0.262444,-0.526032
-0.929701,-0.114490
-0.651830,1.028855
-0.650822,1.078661
-0.658422,0.217399
-0.788156,0.401975
0.692480,0.594516
-1.000381,0.653935
-0.028703,0.011490
-1.083514,0.617313
0.288720,0.387600
-0.050310,-0.406186
0.127766,0.159719
-0.309503,-0.655034
0.236442,-0.685797
0.410947,1.141102
-0.624180,0.951949
-0.965590,0.637181
-0.800516,0.471740
0.832835,0.370571
-0.353908,0.094897
-0.403439,1.024644
0.010392,0.536836
0.917982,0.836314
-0.467528,-0.266655
-0.273888,0.385495
-0.906446,0.460021
-0.814707,0.786325
0.400693,-0.440428
-0.103870,-0.469451
-0.389615,-0.021928
0.208792,-0.002518
0.926954,0.490417
-0.020829,-0.946364
-0.548280,0.513215
0.133442,-0.327815
0.355098,0.458556
0.163015,-0.033372
-0.579867,1.119587
-0.118702,-0.132435
-0.713721,0.604770
0.302728,-0.383389
0.848857,-0.060564
0.878796,0.208884
0.929334,0.671514
0.127216,0.033738
0.030534,0.778542
0.929243,0.180502
0.556795,0.608158
0.330103,-0.647435
-0.573183,1.127186
-1.051286,0.772866
0.475402,-0.359584
-0.343654,0.615574
-0.255852,1.103565
-0.199454,0.604495
0.417264,-0.287988
-0.091968,-0.260796
-0.058550,0.244591
-0.742927,1.064104
-0.346126,-0.320765
0.305292,0.460570
-0.262444,0.770394
1.037553,0.350612
0.531617,0.296411
-0.244774,0.248253
0.272332,-0.144520
0.145619,0.637455
0.221610,-0.449126
0.660161,-0.399594
0.002243,0.222892
0.231223,0.610630
-0.224723,-0.725074
-0.847484,0.133442
0.728645,0.122547
-0.578860,0.511750
0.479888,0.065142
-0.466063,0.880261
0.600101,-0.174276
-0.869732,0.710150
0.292840,0.331751
-0.627842,0.321131
0.133808,0.479431
-0.695135,1.101001
-0.835307,0.519898
-0.018906,-0.915510
-0.958174,0.379818
-0.746864,0.737617
-0.549196,0.064318
-0.495178,0.648808
-0.404263,-0.626469
0.360958,0.401151
0.601108,0.414792
0.106983,1.009720
-0.254662,0.143880
-0.773232,0.350246
-0.258873,1.152364
0.477508,0.620975
0.520631,0.931898
-0.797403,0.361232
-0.461119,-0.297327
0.313257,0.742653
0.313990,1.065111
0.454711,0.999832
0.228751,0.070727
0.093249,-0.525300
-0.092608,0.129688
-0.918531,0.667211
0.713355,-0.036760
0.205954,0.278832
-0.176290,-0.101489
-0.955702,0.500305
0.939039,0.242759
-0.001602,-0.542695
-0.161458,1.117573
0.370937,0.246605
-0.744118,-0.312891
0.671514,0.896741
-0.794107,1.148335
-0.479797,0.750343
0.884838,0.124470
0.342097,-0.598178
0.032548,-0.548921
-0.374691,0.988113
-0.398587,1.061632
0.151479,1.135609
-0.484558,0.720954
-0.478973,0.328913
0.408017,-0.219871
0.982162,0.480621
0.474578,-0.495087
-0.110828,-0.534181
0.900311,0.943068
-0.995621,0.292474
0.134724,0.176656
-0.054155,0.086566
-0.841990,0.103870
-0.638096,1.071612
-0.318567,-0.434660
-0.517975,0.397946
0.588748,-0.490875
-0.087481,0.545259
-0.390713,-0.441984
0.705390,0.533448
0.646245,-0.114307
0.359676,0.196158
-1.023545,0.230857
-0.413511,0.523194
0.201376,-0.014237
-0.914686,0.719581
0.221793,-0.326807
-0.351802,0.518159
0.688635,0.711982
-0.406186,0.690741
0.769295,-0.206229
-0.220511,0.146168
0.236076,-0.716285
0.026688,0.124836
0.395016,0.754097
1.077288,0.680670
-0.670324,-0.029984
-0.966231,0.163289
-0.365352,0.367641
-0.062578,-0.895184
0.489227,-0.143330
0.420652,-0.221061
-0.838511,0.222251
0.513398,-0.580508
-1.111621,0.584811
-0.051500,-0.914686
0.732215,0.897565
0.749702,-0.350612
0.091510,-0.890973
0.777902,0.801889
0.185904,0.072558
0.257866,0.330103
-0.848674,0.163930
-0.500763,0.003342
0.999191,0.839427
0.149464,-0.631779
0.706305,-0.026048
0.108539,1.056688
-0.283776,-0.200461
0.617130,0.920087
-0.628300,-0.447295
0.049028,1.000748
-0.725990,0.013138
-0.325892,0.930616
0.693579,0.831370
0.565950,1.133686
0.087298,-0.594882
0.538209,0.022752
-0.602298,0.569979
0.988845,0.375240
0.437956,0.631046
0.265557,1.147237
-0.631687,-0.057176
0.496551,-0.515870
0.528962,1.161519
-0.905713,0.910932
0.797678,1.081225
0.746773,0.886395
0.015244,0.169240
-0.966506,0.118244
0.360775,1.053850
-0.424039,-0.412778
-0.775979,0.057360
-0.686346,0.658605
-1.002029,0.054979
-0.653386,0.850322
0.404538,-0.558992
-0.951033,0.127857
0.224265,-0.612735
0.657140,0.345393
0.762612,0.501312
0.762154,0.416166
-0.958449,0.211722
0.420286,0.606052
0.226554,-0.347865
-0.447935,0.709326
-0.090503,0.957076
-0.731574,0.930616
0.339900,-0.031632
-0.108173,0.680670
0.406827,0.304285
-0.552583,0.229484
-0.065142,1.012833
0.736335,0.186911
0.237083,1.065020
-0.285882,0.078143
0.426878,1.168294
0.751991,0.565401
0.965041,0.145436
0.269677,-0.009110
0.677099,0.712256
0.451964,-0.194418
-0.195791,0.810678
0.380184,0.377621
1.041581,0.825236
0.544618,1.097339
-0.513215,1.111347
-0.855266,-0.050768
-0.889691,0.173452
0.487579,0.743660
0.769295,0.650365
-0.635166,-0.214377
-0.581057,0.567232
-0.726997,0.317927
0.973189,0.126850
0.867351,0.678381
0.881268,0.736335
0.165212,-0.759407
-0.253014,0.040971
-1.062731,0.665563
0.826609,-0.022660
0.360958,0.801706
0.140217,-0.251915
0.578585,0.836772
-0.692938,0.423399
0.494079,0.150014
-0.033464,0.312525
-0.509095,0.893170
-0.200644,0.541414
0.150929,-0.009659
0.489135,0.590121
-0.719672,0.738624
0.751625,1.123890
-1.029130,0.610172
-0.268578,1.129749
-0.379269,1.061998
-0.445830,0.707587
0.421751,0.538575
-0.487762,-0.235435
-1.041581,0.885479
0.510010,1.227165
-0.532075,0.466063
-0.143880,0.128498
0.398953,0.014054
-0.150929,1.108325
-0.460753,1.110248
1.129200,0.465056
-0.178762,0.114124
0.289819,0.471007
-0.645604,-0.329829
-0.415067,-0.526399
-0.636631,0.441160
0.406186,-0.480346
0.795480,0.244407
1.072619,0.717658
0.906903,0.552950
0.072008,0.979965
-0.920820,0.040513
0.257408,-0.072832
0.653386,0.538118
-0.981429,0.904523
0.244591,0.942061
-0.015152,-0.049211
0.822489,-0.264733
0.836589,0.889142
-1.047990,0.404538
0.126850,0.631504
-0.692206,0.486297
0.118427,-0.641758
1.130116,0.607791
-0.675176,0.118244
0.836589,-0.217399
-0.209891,0.522370
0.215567,-0.187368
0.339534,0.630863
0.915510,0.961196
1.004959,0.032823
-0.858013,0.103412
0.991409,0.205863
-1.076281,0.390713
-0.811594,0.895734
0.973189,0.369930
-0.837870,-0.031358
-0.461119,-0.466338
0.666204,0.077319
0.965407,0.636906
0.016434,0.992691
-0.635807,-0.429167
0.428983,-0.370846
0.038957,0.396481
0.723426,0.206595
0.378536,1.015122
0.099384,-0.119251
0.418821,0.731391
-0.037675,0.090960
0.413144,0.244407
0.322871,1.055132
-0.670324,0.866253
-0.021928,0.307123
-0.660070,0.639195
-0.530061,1.151265
-0.919904,-0.092883
-0.507630,-0.350154
-0.164205,0.038041
0.680578,0.558077
-0.396023,0.677648
-0.594150,0.144246
0.349605,-0.597903
-1.052110,0.572176
0.851695,0.612644
0.777444,0.866344
0.570894,0.880169
-0.825510,0.653020
0.165120,-0.713630
-0.945723,0.321406
-1.015671,0.140950
-0.932997,0.899487
-0.959548,-0.059008
0.052324,-0.570986
0.220328,-0.578036
0.569063,0.934828
0.564760,-0.267022
0.303369,0.632511
0.830180,1.134236
0.169240,0.894452
-0.867809,0.885113
0.159719,-0.007828
0.828623,0.503693
-0.448759,0.469085
0.028336,-0.910199
0.862407,0.447752
0.252464,1.134053
0.794107,-0.003616
0.797128,0.946730
0.740913,-0.351070
0.493072,-0.563662
-0.860851,0.054247
0.004898,0.238823
-0.910566,1.014115
0.910749,0.408658
-0.747230,0.503693
-0.759499,-0.086749
-0.625095,0.799509
1.043779,0.296503
-0.536927,1.045061
0.986190,0.805368
-0.442167,-0.209708
0.422391,1.198599
-0.628849,0.295404
0.859661,0.668035
-0.297143,-0.171529
0.305292,1.006424
-0.212271,0.888775
0.097003,-0.595157
-0.983444,0.701086
-0.783029,0.650731
-0.798135,0.816904
0.266930,0.981429
-0.581973,-0.042436
-0.550661,0.214011
-0.011856,-0.401425
-0.943251,1.048540
0.142506,-0.643040
0.101489,0.062212
0.065783,-0.042344
-0.055620,-0.732673
0.557344,0.611179
-0.232597,-0.056169
0.184805,-0.465606
0.322871,0.343196
0.058184,0.331935
0.475311,1.156575
-0.677465,0.437681
0.565401,0.106342
0.146260,0.948927
0.541688,0.957350
0.040880,0.561190
0.066973,0.389340
0.499298,0.587466
0.091327,-0.681585
0.703650,-0.309961
0.022202,0.569796
0.540040,-0.443266
-1.074541,0.458007
-0.029344,-0.717292
-0.847118,1.087085
-0.430448,0.649632
0.286889,-0.157979
-0.378719,-0.671880
0.435484,-0.155507
-0.319208,0.713080
0.880810,0.213919
0.686987,-0.339991
0.320582,-0.352535
-1.040666,0.630222
-0.156880,-0.107990
0.789712,0.156423
0.835582,0.744301
0.584353,-0.513398
-0.352260,0.655126
0.377712,-0.176016
-0.621616,0.488403
0.940229,0.536561
-0.500305,0.030259
-0.350246,0.244041
-0.257500,0.899030
-1.065203,0.667211
-0.617771,0.704566
-0.775338,1.035630
-0.508454,-0.050127
0.636082,1.120411
-0.879986,0.072008
-0.987655,0.983901
-0.493530,0.944349
0.162832,0.763436
0.137288,0.157338
0.435667,-0.179312
0.068438,0.863140
-0.874310,0.116962
0.148274,0.512391
0.847484,0.963668
-0.810862,0.901685
0.242576,0.765175
-0.065783,-0.510102
0.973189,0.190481
-0.743568,-0.079058
0.767739,0.920270
-0.066424,-0.577029
-0.356105,-0.217673
-0.317927,-0.094348
-0.558260,0.557070
0.377346,0.975661
0.103504,0.099841
-0.014695,0.041978
-0.127949,0.955611
0.656316,0.210074
-0.468352,1.223685
-0.770943,-0.131886
0.643956,-0.019272
0.048845,-0.933271
-0.830180,0.749977
-0.237724,0.706122
0.435850,0.110736
-0.378170,0.047563
0.860576,0.104419
-1.018235,0.287347
0.040513,0.768471
0.132801,0.363979
0.855907,0.712806
0.227195,0.003250
-0.506989,0.742561
0.768654,0.519898
-0.350154,0.761513
-0.273064,1.050645
0.229850,0.759590
-0.756111,0.030351
-0.329279,0.679662
0.263817,-0.434019
0.333491,0.993789
0.178671,1.068957
0.248070,-0.562105
-0.516236,-0.352168
0.564577,-0.232597
0.258965,0.105792
-0.170522,1.047258
-0.431730,0.615390
-0.256584,-0.248894
-0.546358,-0.033738
0.011582,0.530976
0.675451,-0.326350
0.252739,1.055315
-0.399411,0.664556
1.118397,0.726447
-0.661077,0.543062
0.249443,0.342830
0.419462,0.635441
-1.040391,0.375607
0.714179,-0.059923
-0.036302,0.479522
0.064501,-0.569521
0.104053,0.097369
0.590121,0.651646
0.475127,0.598086
1.076556,0.776437
0.718482,-0.095538
0.398679,-0.005722
0.009751,0.331843
-1.120594,0.564394
0.192129,0.412046
-0.747139,0.448393
-0.153035,-0.850963
0.086291,1.035905
1.076556,0.479614
0.824229,0.969069
0.667760,0.965133
-0.269951,-0.491333
0.609256,0.236900
-0.021470,0.747780
0.354640,0.599185
-0.114582,-0.116871
-1.022355,0.143880
-0.359401,-0.647710
0.547273,0.664556
0.631138,0.002976
-0.626102,0.029801
-0.619236,0.071825
0.410398,0.134999
0.575564,0.496826
-0.311335,1.033158
-0.547731,-0.157979
0.972732,0.732582
0.491882,-0.069903
1.032609,0.383480
-1.057970,0.161458
0.928236,0.252190
0.689276,0.354274
1.016770,0.437773
-0.858745,0.532167
0.309595,-0.567965
-0.431272,-0.279382
0.696966,0.443266
-0.812235,-0.074297
-0.469817,0.563753
0.182974,0.632511
0.492431,-0.048296
-0.467528,-0.382015
0.444639,0.022202
0.310785,-0.161184
1.026017,0.488403
0.082354,-0.476684
0.731300,0.464873
-0.082629,-0.630039
0.429807,-0.195791
0.088122,0.749519
0.386502,0.307672
0.460021,0.517609
-0.340632,-0.554689
-0.625187,1.186697
-0.549471,1.185873
-0.325983,0.735420
-0.110553,0.838145
-0.490234,0.962020
0.481079,0.332392
0.076769,-0.751076
0.862957,-0.177938
-0.541871,0.783212
0.307031,1.033982
-0.644047,-0.235160
0.469909,0.907910
-0.409024,0.278008
0.816813,0.177572
-0.290918,0.170248
-0.398312,1.116749
-0.291192,0.972457
0.239097,-0.143239
-0.647710,-0.115589
-0.185812,-0.682684
-0.760323,-0.306940
-0.660802,0.617222
-0.649541,0.422483
-1.101917,0.409482
0.636906,-0.420286
0.857189,0.836863
-0.426511,-0.499390
0.314539,0.568056
0.107257,-0.660161
0.207785,-0.765816
0.830454,0.991958
0.039506,-0.928510
-0.402707,0.026322
0.605869,1.111713
0.344935,0.379727
0.258507,-0.736244
0.993698,0.356197
0.833934,0.182333
0.454619,0.869732
-0.123463,0.756478
0.945448,0.802896
0.339808,1.041124
0.725166,0.880169
-0.167684,-0.793558
-0.471191,-0.362697
0.075213,0.237815
-0.307123,-0.362880
1.016678,0.943342
-0.735328,0.681494
-0.633976,0.558443
0.457732,0.819102
-0.279107,0.437132
0.385495,0.663915
-0.285791,0.637730
-0.048387,-0.664556
-0.028794,0.909558
0.252190,-0.651555
0.475311,-0.306207
0.696509,-0.236625
0.211814,-0.132893
-0.591403,0.295312
-0.858562,0.329188
-0.370113,0.781289
0.461211,-0.433195
0.840617,0.079882
0.662816,0.043077
0.149922,-0.006363
0.189383,0.475036
0.571261,0.321955
0.404813,1.108966
-0.275445,0.010392
-0.695959,0.821665
0.556795,0.813334
0.422849,0.602298
1.104938,0.779183
-0.023392,0.835398
1.093951,0.460021
0.919263,0.170614
0.295129,0.517426
0.165029,1.015305
-0.507538,0.582430
0.856548,0.140492
0.286523,0.850230
-0.488311,0.403165
0.216666,-0.249260
0.260063,0.104785
-0.773690,0.928053
0.152760,0.065233
0.380734,0.791269
-0.015519,-0.645695
0.856548,0.542879
-0.678106,0.720862
1.064653,0.666112
0.699713,0.374416
-0.344478,0.501953
-0.173910,-0.008835
0.366085,1.041307
-1.102008,0.387875
0.100574,-0.224448
0.299341,0.051225
0.099933,1.036912
-0.512665,0.321406
0.304468,1.067766
-0.139485,0.920728
-1.138813,0.555605
0.071368,-0.240104
-0.621250,0.547456
-0.275262,-0.035661
0.377071,1.198874
0.621525,0.822489
0.605594,-0.038133
0.521912,0.966597
-0.944258,0.710334
-0.095447,0.575381
0.121082,0.352809
-0.078967,-0.682592
0.750893,0.951765
0.233146,-0.668584
-0.398038,-0.474853
-0.020371,-0.526307
-0.532624,-0.434294
-0.230491,-0.383663
0.073931,0.317103
0.410031,0.153310
0.890606,0.175741
0.839518,1.067858
-0.566500,1.000931
-1.000565,0.930158
-0.279107,0.964309
0.522004,0.204398
-0.359401,-0.243950
-0.908185,-0.136830
0.746956,1.027482
-0.013047,-0.391629
0.354823,-0.375515
-0.317560,-0.347682
0.222159,0.359951
-0.365352,0.649541
0.085833,0.086108
-0.487487,-0.091968
-0.746223,0.761147
-0.815897,1.058336
-0.874950,0.728645
-0.793100,0.596255
0.564852,-0.367275
-0.458647,1.021897
-0.002426,-0.089862
0.223167,-0.113849
-0.883465,0.195791
0.396115,-0.056810
-0.536195,1.065203
0.615116,0.825602
-0.150380,0.804819
-0.389248,0.233329
-0.622623,-0.406095
-0.165761,-0.659062
-0.851054,0.906354
-0.191488,-0.369747
-0.073656,0.215567
-0.749519,0.085559
0.560091,0.752632
-0.233512,-0.751625
0.120808,0.912763
0.718116,1.032792
-0.102588,1.009354
-0.712897,-0.358119
0.133808,-0.763710
0.197348,-0.369564
-0.463225,-0.307489
0.331843,0.022660
0.847575,0.207144
-0.919904,0.026780
-0.138112,1.012741
0.561464,-0.459563
-0.119800,0.611454
-0.526582,-0.134816
-0.178396,0.862133
0.482269,-0.581149
-0.320765,0.456725
-0.578860,0.939131
0.837779,0.097186
-0.179403,-0.229118
-0.818278,-0.206046
-0.794565,0.213279
-0.937666,0.371120
0.521088,0.551119
-0.871380,0.113208
0.561464,1.054949
-0.881085,0.956618
0.966597,0.661534
0.021378,0.248894
-0.757393,0.405728
-0.110645,0.891430
-0.088580,0.116962
-0.828806,0.094440
0.569338,-0.495087
0.251823,-0.385037
-0.007920,0.067156
-0.602573,0.572817
-0.020646,-0.153768
-0.113666,0.709510
0.465148,0.661992
-0.261895,-0.670415
0.298608,0.884106
-0.018906,0.638096
-0.372951,0.723426
-0.021744,-0.866985
-0.989212,0.227653
0.829356,0.498566
0.875408,0.669774
-0.407651,1.053758
-0.101398,-0.049211
0.938856,0.929334
-0.723334,0.470183
0.107074,-0.728736
0.049852,-0.488311
0.064409,-0.759590
0.602298,0.463317
-0.608158,0.540315
-0.120441,-0.148824
0.268944,-0.572726
0.440062,0.642125
-0.153127,-0.127125
0.639561,1.212241
-0.040147,0.604587
-0.819010,0.529695
-1.024735,0.626011
0.299341,-0.115223
-0.525391,0.881542
0.088031,0.992141
-0.162923,0.894726
0.705023,0.297876
0.028153,-0.931074
-0.210807,-0.684057
-0.348140,-0.303552
0.222709,0.858837
0.171987,0.056536
-0.550844,0.956526
-0.607334,1.160146
0.820566,1.088733
0.565676,1.213614
0.326441,-0.258232
-0.701819,0.445555
-0.179586,-0.571444
-0.121998,0.105976
0.949660,0.286248
-0.175375,0.612278
-0.889599,0.561556
0.250084,0.771126
-0.719123,0.120350
-0.033097,-0.931349
-0.241752,0.615940
0.031724,1.013565
-0.254387,0.141499
0.856456,0.742744
0.366909,-0.403531
-0.047105,0.814798
0.517884,0.257591
0.237266,0.211997
0.818552,0.903607
-0.252373,-0.084918
0.694769,0.330103
0.814890,0.395840
-0.520081,0.687353
0.679846,1.057054
-0.731117,1.087634
-0.501221,-0.248344
0.380734,0.121998
0.903241,0.173544
-0.075945,0.213736
-0.482910,-0.262993
-0.476318,-0.174825
0.106891,0.950850
-0.191214,0.055895
-0.224815,0.451140
0.876415,0.402158
0.438047,-0.063219
-0.216117,0.224815
-0.659886,0.512757
-0.048570,0.771126
-0.540223,-0.319025
-0.643315,-0.034013
0.303735,-0.207694
0.031541,-0.476318
0.943892,-0.084185
-0.565950,-0.199454
0.233055,-0.031358
0.274163,0.485382
-1.025101,0.117878
-0.123188,-0.803629
0.251091,1.164449
-0.660710,0.128956
0.480804,0.849040
-0.680212,-0.381649
-0.224357,0.087115
-0.628666,0.303552
-0.723243,-0.311701
0.036576,0.013688
-0.475860,0.442442
-0.242851,-0.512391
0.122822,0.686987
-0.714362,0.400235
-0.455718,-0.014878
0.563295,0.202933
0.511841,0.582980
0.882458,0.899030
0.182333,-0.656041
0.145619,0.517975
-0.402982,0.112201
-0.211539,0.157247
0.972365,0.718390
0.809305,0.467711
0.443632,-0.071642
-0.697699,0.758492
0.329371,0.795480
0.530152,0.141865
-0.383572,0.346675
0.161824,0.006729
0.134175,-0.355464
0.296869,-0.295770
-0.854717,1.063005
-0.915967,0.887677
0.553133,0.305933
-0.293573,-0.151021
-0.003525,0.101947
0.969802,0.313623
-0.610813,0.574557
0.314539,-0.299799
-0.087207,-0.212180
-0.083636,0.722602
-1.032243,0.440336
-0.700812,0.690558
-1.072985,0.762337
0.355739,-0.573092
-0.233421,0.491333
-0.825327,-0.135731
-0.862590,0.109455
-0.131520,-0.081713
-0.768105,0.070177
-0.696234,0.058824
0.284509,-0.312067
-0.866161,0.726997
-0.673070,0.214011
0.518342,1.131214
0.948012,0.332392
0.470824,-0.581332
-0.788797,0.484283
0.535737,-0.198813
-0.849681,0.951949
-0.357021,-0.146535
0.031358,0.924574
0.072008,-0.058000
-0.137379,-0.635807
0.085376,0.531983
-0.118610,0.443999
-0.444182,0.611454
-0.019822,0.911847
0.011399,-0.786874
0.423124,0.086108
-0.938948,0.103961
0.068346,-0.350063
0.393918,0.461669
0.600742,0.280480
0.103412,1.048906
0.544984,0.511200
0.505341,-0.554506
-0.134907,0.510834
0.888043,1.076647
-0.532991,0.881909
-0.191488,0.703375
-0.058824,-0.713263
0.450224,-0.255760
-0.602023,-0.464782
0.526673,-0.535920
-0.585177,0.519623
0.488586,-0.228019
-0.267296,0.773507
0.301447,-0.396664
0.764534,1.092303
0.483001,-0.239555
-0.217307,-0.321406
0.449767,0.357479
0.740455,0.941511
0.019272,0.235618
-0.923658,0.831370
0.159536,-0.174001
-0.106433,0.748054
-0.236717,-0.039048
0.036760,0.514588
0.273522,0.652013
-1.083239,0.413511
1.011460,0.738716
-0.462401,0.761422
-0.709876,0.716834
0.700903,-0.384854
0.041612,0.836863
-0.728370,-0.041337
-0.007279,-0.753639
-0.056993,-0.907270
0.598727,0.724891
-0.090686,0.794931
0.576205,0.682134
-0.613742,0.950758
-0.501862,0.817728
-0.279473,0.355007
0.061113,-0.189749
0.373226,-0.484741
0.309412,-0.374142
0.068529,0.561647
-0.401975,1.004593
-0.189108,0.340815
0.447661,-0.592044
-0.355098,0.494903
0.489685,0.071551
0.271416,-0.406003
0.135456,-0.523927
-0.918897,0.159078
-0.576388,1.100360
-0.736518,0.882641
0.113208,-0.430174
0.608432,-0.089770
0.119984,1.077288
-0.809122,-0.127125
0.475677,0.744209
-0.410215,-0.497101
0.270501,-0.177480
-0.445372,0.897473
0.376339,0.043626
-0.650639,-0.083728
0.043168,0.840526
-0.328913,0.089496
0.370388,-0.470275
0.401883,0.888134
0.279107,0.597446
0.823222,0.882366
-0.573366,0.908918
0.856822,0.629948
0.590579,1.198416
0.562654,0.035752
-0.323969,-0.188375
-0.508087,-0.192862
0.440062,-0.634983
-0.057909,-0.813700
-0.067980,-0.455077
0.608615,0.721503
-0.734870,0.100848
0.557344,-0.428434
-0.117145,0.399319
-0.235984,-0.094989
0.215476,0.567873
-0.348598,1.112079
0.456999,0.204031
-0.424955,0.379452
0.450591,-0.425596
0.741829,0.783395
0.663366,0.251732
0.836680,1.043046
-0.415342,0.387967
0.118244,-0.658605
0.802896,0.764168
-0.872936,0.946638
-0.002792,1.005234
-0.010666,-0.569521
-0.995529,0.126759
0.312616,-0.684515
-1.069048,0.185812
0.512482,0.634617
1.029679,0.070360
0.529695,1.049455
-0.515412,0.403623
0.850230,0.767373
0.270592,0.528413
-0.107532,-0.513672
0.389340,0.669683
-0.012314,0.448576
-0.932447,0.502319
0.900311,-0.110096
-0.767006,-0.031999
0.171438,-0.185354
0.669134,-0.246239
0.195517,0.677648
0.349971,-0.329737
0.652470,-0.029618
-0.244682,0.892712
0.266198,0.508637
-0.298242,-0.451140
-0.590304,0.945357
-0.489502,0.221152
0.704108,0.979965
0.283135,-0.615574
-0.311243,0.660985
-0.304834,-0.684790
0.702734,0.019089
0.464873,-0.271691
-0.720862,0.673528
0.637089,0.943525
-0.255303,0.410123
1.077380,0.523103
1.029771,0.920179
0.667669,-0.372951
0.103961,0.355190
0.447111,0.979049
0.303461,-0.729926
-0.565584,-0.387326
0.700537,0.823771
0.030534,-0.029527
0.781472,1.051103
-0.259789,0.260979
0.612918,0.228202
-0.324152,0.608798
1.012284,0.605777
-0.318384,0.580233
1.025376,0.247887
0.747871,-0.197806
0.728645,0.044267
0.623905,-0.384030
-0.098468,-0.189199
-0.418729,-0.036302
0.054979,-0.400601
-0.497284,0.623722
0.575014,0.182150
0.386410,-0.521638
-0.756752,0.862041
0.658879,-0.370113
0.171163,0.873211
-0.227561,0.250816
-0.788339,-0.132069
-1.032243,0.331660
0.910932,0.994797
0.616123,0.676550
0.981521,0.351894
-0.758126,0.244957
0.002609,-0.402890
0.230033,1.052019
0.946821,0.762978
-0.877606,0.136280
-0.230766,0.491974
0.767098,0.219230
-0.621525,0.589206
-0.105884,-0.092517
-0.825053,-0.255119
0.185995,-0.109272
0.592227,0.002792
-0.139210,-0.411771
-0.710700,-0.327174
0.847026,0.547548
0.613926,0.028703
0.617405,0.493530
0.014786,-0.727821
-0.273431,0.113575
-0.617588,-0.302545
0.261345,-0.002152
0.300256,0.697974
-0.499023,0.940046
0.532350,-0.523652
0.946638,0.990036
-0.686254,-0.346583
1.097247,0.461760
0.264000,-0.067888
-0.082904,0.853801
0.289087,-0.013962
0.170156,-0.558718
0.281030,-0.400693
0.283593,0.079241
0.145161,0.062853
-0.021928,0.929701
-0.074480,-0.411863
-0.296777,0.201834
0.216300,0.017899
0.095721,0.956893
-0.898846,0.841258
0.190023,-0.754280
0.845103,1.029496
-0.068163,0.408109
-0.279290,0.094531
0.166768,-0.111469
-0.474029,0.288079
-0.228477,0.943068
0.367824,0.782479
0.354183,0.984451
0.283593,1.020798
-0.627293,-0.169973
1.049455,0.878796
1.092578,0.505890
0.120350,0.159536
1.053026,0.345119
-0.799234,0.927046
0.207785,0.077593
-0.971816,0.240562
0.366359,0.845836
0.902417,0.552492
-0.187368,1.067492
0.556612,0.629398
-0.613376,-0.100208
0.595248,-0.131245
-0.135914,0.094806
0.877422,1.095233
0.102771,-0.785134
-0.379360,0.236259
-0.020554,0.163198
0.795206,0.858837
0.612278,0.233970
-0.259972,0.336879
0.343471,0.149831
0.978591,0.300165
0.117878,0.335597
-0.115589,0.685430
-0.669225,-0.033006
0.082537,0.073748
0.125385,0.052049
0.082995,0.507813
0.490967,0.030717
0.657140,0.400510
-0.277184,0.337336
0.599277,-0.488952
0.003342,0.766823
-0.157704,0.963118
-0.507996,0.227561
-0.629582,-0.128590
-0.106067,-0.175558
-0.185446,-0.328455
0.786233,0.864971
-0.328272,-0.224723
0.428617,-0.627110
0.091144,0.470641
-0.326258,-0.650548
-0.131336,1.069506
0.108539,-0.800424
-0.118061,0.344752
-0.664006,-0.136189
0.978774,0.584628
0.446837,1.168935
0.074297,-0.357570
-0.622623,0.651463
0.500763,0.114765
-0.061205,0.238731
-0.666478,0.604953
-0.968886,0.876873
-0.285699,0.948561
0.716926,0.191031
0.547090,-0.039048
-0.677007,0.777718
0.009842,0.839427
-0.579409,-0.313990
0.780923,0.351527
-0.487030,0.209983
-0.328913,0.842814
0.623447,0.511200
-0.868725,0.585635
0.062120,-0.867443
0.006180,0.088214
-0.639195,-0.395840
-0.285791,-0.421751
-0.171712,0.629765
0.059465,0.811777
0.042436,-0.030900
-0.831370,0.569796
-0.541871,0.544343
0.853160,0.654576
-0.408841,-0.271599
0.063494,-0.799142
-0.033555,-0.801248
0.077685,0.240837
0.268578,0.383847
-0.198904,0.317286
0.210257,0.312616
-1.018601,0.576479
-0.514313,0.679479
0.424863,0.118885
0.013962,-0.406735
-0.195700,-0.173086
-0.740455,1.022904
0.943251,0.156240
-0.229209,-0.759682
0.202109,0.646428
-0.964766,0.172994
-1.060808,0.324793
0.508362,0.716559
0.588198,1.192831
-0.138295,0.559084
0.396207,-0.527039
-1.019517,0.932905
0.844554,0.488952
-0.531251,1.177541
0.151936,1.064013
-0.073656,0.235435
-0.956435,0.639927
-0.392270,-0.523194
-1.078478,0.822672
0.739998,-0.353542
0.782205,-0.164113
0.413694,0.425413
-0.129414,-0.242393
-0.131794,0.935286
0.076037,1.049272
0.809671,1.099353
0.444639,0.856365
-0.283959,1.031602
0.778909,0.257042
-0.295038,-0.536653
-0.027146,-0.313623
0.645329,-0.205313
-0.377529,1.206015
-0.915693,0.274346
-0.405454,-0.634251
0.351436,0.092517
0.636998,-0.318476
0.124012,0.988845
-0.728828,-0.088214
0.674444,0.392178
-0.035752,0.506531
0.588931,-0.228294
-1.031693,0.275445
-0.510834,-0.535096
0.027604,0.404080
-0.415525,0.485565
